S02
GT:   [(0, 0, -1), (0, 1, 0), (0, 2, 0), (0, 3, 0), (0, 4, 0), (0, 5, 0), (0, 6, 0), (0, 7, 0), (0, 8, 0), (0, 9, 0), (0, 10, 0), (0, 11, 0), (0, 12, 0), (0, 13, 0), (0, 14, 0), (0, 15, 0), (1, 16, 0), (1, 17, 1), (1, 18, 1), (1, 19, 1), (1, 20, 1), (1, 21, 1), (1, 22, 1), (3, 23, 1), (3, 24, 3), (3, 25, 3), (3, 26, 3), (1, 27, 3), (1, 28, 1), (1, 29, 1), (1, 30, 1), (0, 31, 1), (1, 32, 0), (1, 33, 1), (1, 34, 1), (2, 35, 1), (2, 36, 2), (2, 37, 2), (2, 38, 2), (1, 39, 2), (2, 40, 1), (2, 41, 2), (2, 42, 2), (2, 43, 2), (3, 44, 2), (3, 45, 3), (2, 46, 3), (2, 47, 2), (0, 48, 2), (2, 49, 0), (2, 50, 2), (2, 51, 2), (2, 52, 2), (1, 53, 2), (1, 54, 1), (0, 55, 1), (0, 56, 0), (0, 57, 0), (2, 58, 0), (2, 59, 2), (1, 60, 2), (2, 61, 1), (2, 62, 2), (2, 63, 2), (2, 64, 2), (1, 65, 2), (1, 66, 1), (2, 67, 1), (1, 68, 2), (1, 69, 1), (3, 71, 1), (3, 74, 3), (2, 75, 3), (1, 76, 2), (2, 77, 1), (2, 78, 2), (2, 79, 2), (1, 80, 2), (1, 81, 1), (2, 82, 1), (1, 83, 2), (1, 84, 1), (1, 85, 1), (1, 86, 1), (1, 87, 1), (0, 88, 1), (0, 89, 0), (0, 90, 0), (1, 91, 0), (1, 92, 1), (1, 93, 1), (2, 94, 1), (1, 95, 2), (1, 96, 1), (2, 97, 1), (2, 98, 2), (2, 99, 2), (2, 100, 2), (2, 101, 2), (1, 102, 2), (1, 103, 1), (2, 104, 1), (2, 105, 2), (1, 106, 2), (3, 107, 1), (3, 108, 3), (3, 109, 3), (4, 110, 3), (5, 111, 4), (3, 112, 5), (4, 113, 3), (5, 114, 4), (4, 115, 5), (4, 116, 4), (4, 117, 4), (6, 118, 4), (6, 119, 6)]
Vit2: [(0, 0, -1), (0, 1, 0), (0, 2, 0), (0, 3, 0), (0, 4, 0), (0, 5, 0), (0, 6, 0), (0, 7, 0), (0, 8, 0), (0, 9, 0), (0, 10, 0), (0, 11, 0), (0, 12, 0), (0, 13, 0), (0, 14, 0), (0, 15, 0), (1, 16, 0), (1, 17, 1), (1, 18, 1), (1, 19, 1), (1, 20, 1), (1, 21, 1), (1, 22, 1), (1, 23, 1), (1, 24, 1), (1, 25, 1), (1, 26, 1), (2, 27, 1), (2, 28, 2), (3, 29, 2)]
Problem: not splitting at frame_idx 23
Cause: viterbi has no ability to split when both route is merged; profit mtx also looks weird (last column all 0.000000038)
Solution: [S1] can be predicted by cell_occupation + self comparison
[s1a]Track can be differentiated correctly with direction judgement

[(1, '1', -1), (1, '2', 1), (1, '3', 1), (1, '4', 1), (1, '5', 1), (1, '6', 1), (1, '7', 1), (1, '8', 1), (1, '9', 1), (1, '10', 1), (1, '11', 1), (1, '12', 1), (1, '13', 1), (1, '14', 1), (1, '15', 1), (2, '16', 1), (3, '17', 2), (3, '18', 3), (3, '19', 3), (2, '20', 3), (2, '21', 2), (2, '22', 2), (2, '23', 2), (2, '24', 2), (2, '25', 2), (2, '26', 2), (2, '27', 2), (3, '28', 2), (3, '29', 3), (2, '30', 3), (2, '31', 2), (2, '32', 2), (2, '33', 2), (3, '34', 2), (3, '35', 3), (3, '36', 3), (3, '37', 3), (3, '38', 3), (3, '39', 3), (3, '40', 3), (3, '41', 3), (3, '42', 3), (3, '43', 3), (3, '44', 3), (2, '45', 3), (2, '46', 2), (1, '47', 2), (1, '48', 1), (0, '49', 1), (2, '50', 0), (2, '51', 2), (3, '52', 2), (3, '53', 3), (2, '54', 3), (2, '55', 2), (1, '56', 2), (1, '57', 1), (1, '58', 1), (0, '59', 1), (0, '60', 0), (0, '61', 0), (0, '62', 0), (1, '63', 0), (1, '64', 1), (1, '65', 1), (0, '66', 1), (1, '67', 0), (1, '68', 1), (2, '69', 1), (2, '70', 2), (1, '71', 2), (1, '72', 1), (1, '73', 1), (0, '74', 1), (0, '75', 0), (0, '76', 0), (0, '77', 0), (0, '78', 0), (0, '79', 0), (1, '80', 0), (2, '81', 1), (3, '82', 2), (2, '83', 3), (1, '84', 2), (1, '85', 1), (1, '86', 1), (1, '87', 1), (1, '88', 1), (0, '89', 1), (0, '90', 0), (0, '91', 0), (1, '92', 0), (1, '93', 1), (1, '94', 1), (2, '95', 1), (1, '96', 2), (1, '97', 1), (2, '98', 1), (2, '99', 2), (2, '100', 2), (2, '101', 2), (2, '102', 2), (1, '103', 2), (1, '104', 1), (2, '105', 1), (2, '106', 2), (1, '107', 2), (3, '108', 1), (3, '109', 3), (3, '110', 3), (4, '111', 3), (5, '112', 4), (3, '113', 5), (4, '114', 3), (5, '115', 4), (4, '116', 5), (4, '117', 4), (4, '118', 4), (6, '119', 4), (6, '120', 6)]
[(1, '1', -1), (1, '2', 1), (1, '3', 1), (1, '4', 1), (1, '5', 1), (1, '6', 1), (1, '7', 1), (1, '8', 1), (1, '9', 1), (1, '10', 1), (1, '11', 1), (1, '12', 1), (1, '13', 1), (1, '14', 1), (1, '15', 1), (2, '16', 1), (3, '17', 2), (3, '18', 3), (3, '19', 3), (2, '20', 3), (2, '21', 2), (2, '22', 2), (2, '23', 2), (2, '24', 2), (2, '25', 2), (2, '26', 2), (2, '27', 2), (3, '28', 2), (3, '29', 3), (2, '30', 3), (2, '31', 2), (2, '32', 2), (2, '33', 2), (3, '34', 2), (3, '35', 3), (3, '36', 3), (3, '37', 3), (3, '38', 3), (3, '39', 3), (3, '40', 3), (3, '41', 3), (3, '42', 3), (3, '43', 3), (3, '44', 3), (2, '45', 3), (2, '46', 2), (1, '47', 2), (1, '48', 1), (0, '49', 1), (0, '50', 0), (0, '51', 0), (1, '52', 0), (1, '53', 1), (1, '54', 1), (1, '55', 1), (2, '56', 1), (2, '57', 2), (2, '58', 2), (1, '59', 2), (1, '60', 1), (2, '61', 1), (1, '62', 2), (0, '63', 1), (0, '64', 0), (0, '65', 0), (0, '66', 0), (1, '67', 0), (1, '68', 1), (2, '69', 1), (2, '70', 2), (1, '71', 2), (1, '72', 1), (1, '73', 1), (0, '74', 1), (0, '75', 0), (0, '76', 0), (0, '77', 0), (0, '78', 0), (0, '79', 0), (1, '80', 0), (2, '81', 1), (4, '82', 2), (3, '83', 4), (3, '84', 3), (3, '85', 3), (2, '86', 3), (3, '87', 2), (3, '88', 3), (2, '89', 3), (2, '90', 2), (2, '91', 2), (3, '92', 2), (2, '93', 3), (1, '94', 2), (2, '95', 1), (3, '97', 2), (3, '98', 3), (3, '99', 3), (3, '100', 3), (3, '101', 3), (5, '102', 3), (5, '103', 5), (5, '104', 5), (5, '105', 5), (5, '106', 5), (5, '107', 5), (5, '108', 5), (5, '109', 5), (4, '110', 5), (3, '111', 4), (4, '112', 3), (5, '113', 4), (5, '114', 5), (2, '115', 5), (1, '116', 2), (1, '117', 1), (1, '118', 1), (2, '119', 1), (2, '120', 2)]
At (50, 2) can be solved by [s1a]

[(2, '1', -1), (2, '2', 2), (3, '3', 2), (3, '4', 3), (3, '5', 3), (3, '6', 3), (3, '7', 3), (3, '8', 3), (3, '9', 3), (3, '10', 3), (3, '11', 3), (3, '12', 3), (3, '13', 3), (2, '14', 3), (2, '15', 2), (1, '16', 2), (0, '17', 1), (0, '18', 0), (0, '19', 0), (0, '20', 0), (0, '21', 0), (0, '22', 0), (0, '23', 0), (0, '24', 0), (0, '25', 0), (0, '26', 0), (0, '27', 0), (0, '28', 0), (0, '29', 0), (0, '30', 0), (0, '31', 0), (1, '32', 0), (0, '33', 1), (0, '34', 0), (0, '35', 0), (0, '36', 0), (0, '37', 0), (0, '38', 0), (0, '39', 0), (0, '40', 0), (0, '41', 0), (0, '42', 0), (0, '43', 0), (0, '44', 0), (0, '45', 0), (0, '46', 0), (0, '47', 0), (0, '48', 0), (1, '49', 0), (1, '50', 1), (1, '51', 1), (0, '52', 1), (0, '53', 0), (0, '54', 0), (0, '55', 0), (0, '56', 0), (0, '57', 0), (0, '58', 0), (2, '59', 0), (3, '60', 2), (3, '61', 3), (3, '62', 3), (3, '63', 3), (4, '64', 3), (3, '65', 4), (2, '66', 3), (2, '67', 2), (4, '68', 2), (4, '69', 4), (4, '70', 4), (4, '71', 4), (4, '72', 4), (5, '75', 4), (2, '76', 5), (1, '77', 2), (2, '78', 1), (3, '79', 2), (0, '80', 3), (0, '81', 0), (0, '82', 0), (0, '84', 0), (0, '85', 0), (0, '86', 0), (0, '87', 0), (0, '88', 0), (1, '89', 0), (1, '90', 1), (1, '91', 1), (0, '92', 1), (0, '93', 0), (0, '94', 0), (0, '95', 0), (2, '97', 0), (1, '98', 2), (1, '99', 1), (1, '100', 1), (1, '101', 1), (1, '102', 1), (3, '103', 1), (3, '104', 3), (3, '105', 3), (4, '106', 3), (5, '107', 4), (6, '108', 5), (6, '109', 6), (5, '110', 6), (4, '111', 5), (5, '112', 4), (3, '113', 5), (2, '114', 3), (3, '115', 2), (3, '116', 3), (3, '117', 3), (2, '118', 3), (3, '119', 2), (3, '120', 3)]
[(2, '1', -1), (2, '2', 2), (3, '3', 2), (3, '4', 3), (3, '5', 3), (3, '6', 3), (3, '7', 3), (3, '8', 3), (3, '9', 3), (3, '10', 3), (3, '11', 3), (3, '12', 3), (3, '13', 3), (2, '14', 3), (2, '15', 2), (1, '16', 2), (0, '17', 1), (0, '18', 0), (0, '19', 0), (0, '20', 0), (0, '21', 0), (0, '22', 0), (0, '23', 0), (0, '24', 0), (0, '25', 0), (0, '26', 0), (0, '27', 0), (0, '28', 0), (0, '29', 0), (0, '30', 0), (0, '31', 0), (1, '32', 0), (0, '33', 1), (0, '34', 0), (0, '35', 0), (0, '36', 0), (0, '37', 0), (0, '38', 0), (0, '39', 0), (0, '40', 0), (0, '41', 0), (0, '42', 0), (0, '43', 0), (0, '44', 0), (0, '45', 0), (0, '46', 0), (0, '47', 0), (0, '48', 0), (1, '49', 0), (1, '50', 1), (1, '51', 1), (0, '52', 1), (0, '53', 0), (0, '54', 0), (0, '55', 0), (0, '56', 0), (0, '57', 0), (0, '58', 0), (2, '59', 0), (2, '60', 2), (1, '61', 2), (2, '62', 1), (2, '63', 2), (2, '64', 2), (2, '65', 2), (1, '66', 2), (1, '67', 1), (1, '68', 1), (2, '69', 1), (2, '70', 2), (1, '71', 2), (1, '72', 1), (1, '73', 1), (0, '74', 1), (0, '75', 0), (0, '76', 0), (0, '77', 0), (0, '78', 0), (0, '79', 0), (1, '80', 0), (2, '81', 1), (3, '82', 2), (2, '83', 3), (1, '84', 2), (1, '85', 1), (1, '86', 1), (1, '87', 1), (1, '88', 1), (0, '89', 1), (0, '90', 0), (0, '91', 0), (1, '92', 0), (1, '93', 1), (1, '94', 1), (2, '95', 1), (1, '96', 2), (1, '97', 1), (2, '98', 1), (2, '99', 2), (2, '100', 2), (2, '101', 2), (2, '102', 2), (1, '103', 2), (1, '104', 1), (2, '105', 1), (2, '106', 2), (1, '107', 2), (3, '108', 1), (3, '109', 3), (3, '110', 3), (4, '111', 3), (5, '112', 4), (3, '113', 5), (4, '114', 3), (5, '115', 4), (4, '116', 5), (4, '117', 4), (4, '118', 4), (6, '119', 4), (6, '120', 6)]
[s1a] at frame 58 to 59

[(3, 1)]
T: (0, '66', 1), "(0, '67', 0)", (0, '68', 0)
P: (0, '66', 1), (1, '67', 0), (1, '68', 1)
[s1a] at frame 66 to 67




GT: [(1, 0, -1), (1, 1, 1), (1, 2, 1), (1, 3, 1), (1, 4, 1), (1, 5, 1), (1, 6, 1), (1, 7, 1), (1, 8, 1), (1, 9, 1), (1, 10, 1), (1, 11, 1), (1, 12, 1), (1, 13, 1), (1, 14, 1), (2, 15, 1), (3, 16, 2), (3, 17, 3), (3, 18, 3), (2, 19, 3), (2, 20, 2), (2, 21, 2), (2, 22, 2), (2, 23, 2), (2, 24, 2), (2, 25, 2), (2, 26, 2), (3, 27, 2), (3, 28, 3), (2, 29, 3), (2, 30, 2), (2, 31, 2), (2, 32, 2), (3, 33, 2), (3, 34, 3), (3, 35, 3), (3, 36, 3), (3, 37, 3), (3, 38, 3), (3, 39, 3), (3, 40, 3), (3, 41, 3), (3, 42, 3), (3, 43, 3), (2, 44, 3), (2, 45, 2), (1, 46, 2), (1, 47, 1), (0, 48, 1), (0, 49, 0), (0, 50, 0), (1, 51, 0), (1, 52, 1), (1, 53, 1), (1, 54, 1), (2, 55, 1), (2, 56, 2), (2, 57, 2), (1, 58, 2), (1, 59, 1), (2, 60, 1), (1, 61, 2), (0, 62, 1), (0, 63, 0), (0, 64, 0), (0, 65, 0), (1, 66, 0), (1, 67, 1), (2, 68, 1), (2, 69, 2), (1, 70, 2), (1, 71, 1), (1, 72, 1), (0, 73, 1), (0, 74, 0), (0, 75, 0), (0, 76, 0), (0, 77, 0), (0, 78, 0), (1, 79, 0), (2, 80, 1), (4, 81, 2), (3, 82, 4), (3, 83, 3), (3, 84, 3), (2, 85, 3), (3, 86, 2), (3, 87, 3), (2, 88, 3), (2, 89, 2), (2, 90, 2), (3, 91, 2), (2, 92, 3), (1, 93, 2), (2, 94, 1), (3, 96, 2), (3, 97, 3), (3, 98, 3), (3, 99, 3), (3, 100, 3), (5, 101, 3), (5, 102, 5), (5, 103, 5), (5, 104, 5), (5, 105, 5), (5, 106, 5), (5, 107, 5), (5, 108, 5), (4, 109, 5), (3, 110, 4), (4, 111, 3), (5, 112, 4), (5, 113, 5), (2, 114, 5), (1, 115, 2), (1, 116, 1), (1, 117, 1), (2, 118, 1), (2, 119, 2)]
Vit2: [(1, 0, -1), (1, 1, 1), (1, 2, 1), (1, 3, 1), (1, 4, 1), (1, 5, 1), (1, 6, 1), (1, 7, 1), (1, 8, 1), (1, 9, 1), (1, 10, 1), (1, 11, 1), (1, 12, 1), (1, 13, 1)]
Problem: routed to (8, 14, 1) instead of (1, 14, 1)
Cause: backward approach viterbi ago multiplies layers and pick the best final route. which routed from (1, 13, x) to (8, 14, x) instead of (1, 14, x). Then being cut because the route has very low value
Solution[s2]: use cut_during value and with a high cut_during value(0.4); use non viterbi algorithm
Remarks: same situation applies for Cell(1, 0, -1) (2, 0, -1) (3, 0, -1)

S03
GT:  [(6, 0, -1), (6, 1, 6), (6, 2, 6), (7, 3, 6), (7, 4, 7), (7, 5, 7), (8, 6, 7), (8, 7, 8), (8, 8, 8), (6, 9, 8), (4, 10, 6), (4, 11, 4), (4, 12, 4), (4, 13, 4), (4, 14, 4), (4, 15, 4), (4, 16, 4), (4, 17, 4), (5, 18, 4), (6, 19, 5), (6, 20, 6), (6, 21, 6), (6, 22, 6), (6, 23, 6), (6, 24, 6), (6, 25, 6), (6, 26, 6), (6, 27, 6), (5, 28, 6), (5, 29, 5), (5, 30, 5), (5, 31, 5), (6, 32, 5), (6, 33, 6), (5, 34, 6), (3, 36, 5), (5, 37, 3), (5, 38, 5), (6, 39, 5), (7, 40, 6), (7, 41, 7), (6, 42, 7), (6, 43, 6), (7, 44, 6), (7, 45, 7), (7, 46, 7), (6, 47, 7), (5, 48, 6), (7, 49, 5), (6, 50, 7), (6, 51, 6), (7, 53, 6), (6, 54, 7), (6, 55, 6), (6, 56, 6), (5, 58, 6), (7, 59, 5), (6, 60, 7), (7, 62, 6), (6, 63, 7), (6, 64, 6), (6, 65, 6), (5, 66, 6), (6, 67, 5), (5, 68, 6), (4, 69, 5), (6, 70, 4), (5, 71, 6), (4, 72, 5), (6, 73, 4), (7, 74, 6), (4, 75, 7), (5, 76, 4), (6, 77, 5), (5, 78, 6), (5, 79, 5), (6, 80, 5), (5, 81, 6), (6, 82, 5), (5, 83, 6), (6, 84, 5), (5, 85, 6), (6, 86, 5), (6, 87, 6), (5, 88, 6), (7, 89, 5), (6, 90, 7), (6, 91, 6), (6, 92, 6), (5, 93, 6), (8, 94, 5), (8, 95, 8), (7, 96, 8), (5, 97, 7), (5, 98, 5), (5, 99, 5), (5, 100, 5), (5, 101, 5), (6, 102, 5), (7, 103, 6), (6, 104, 7), (6, 105, 6), (5, 106, 6), (7, 108, 5), (5, 109, 7), (5, 110, 5), (5, 111, 5), (5, 112, 5), (5, 113, 5), (4, 114, 5), (6, 115, 4), (7, 116, 6), (10, 117, 7), (8, 118, 10), (10, 119, 8)]
Vit2:[(6, 0, -1), (6, 1, 6), (6, 2, 6), (7, 3, 6), (7, 4, 7), (6, 5, 7), (7, 6, 6), (7, 7, 7), (7, 8, 7), (5, 9, 7), (5, 10, 5), (5, 11, 5), (5, 12, 5), (5, 13, 5), (5, 14, 5), (5, 15, 5), (5, 16, 5), (4, 17, 5), (5, 18, 4), (5, 19, 5), (5, 20, 5), (5, 21, 5), (5, 22, 5), (5, 23, 5), (5, 24, 5), (5, 25, 5), (5, 26, 5), (5, 27, 5), (6, 28, 5), (6, 29, 6), (6, 30, 6), (6, 31, 6), (7, 32, 6), (7, 33, 7), (6, 34, 7), (6, 35, 6), (4, 36, 6), (6, 37, 4), (6, 38, 6), (7, 39, 6), (6, 40, 7), (6, 41, 6), (5, 42, 6), (5, 43, 5), (6, 44, 5), (6, 45, 6), (5, 46, 6), (5, 47, 5), (5, 48, 5), (7, 49, 5), (6, 50, 7), (6, 51, 6), (6, 52, 6), (7, 53, 6), (6, 54, 7), (6, 55, 6), (6, 56, 6), (6, 57, 6), (5, 58, 6), (7, 59, 5), (6, 60, 7), (7, 61, 6), (7, 62, 7), (6, 63, 7), (6, 64, 6), (6, 65, 6), (5, 66, 6), (6, 67, 5), (5, 68, 6), (4, 69, 5), (6, 70, 4), (5, 71, 6), (4, 72, 5), (6, 73, 4), (7, 74, 6), (4, 75, 7), (5, 76, 4), (6, 77, 5), (5, 78, 6), (5, 79, 5), (6, 80, 5), (5, 81, 6), (6, 82, 5), (5, 83, 6), (6, 84, 5), (5, 85, 6), (6, 86, 5), (6, 87, 6), (5, 88, 6), (7, 89, 5), (7, 90, 7), (7, 91, 7), (5, 92, 7), (4, 93, 5), (7, 94, 4), (7, 95, 7), (6, 96, 7), (6, 97, 6), (6, 98, 6), (6, 99, 6), (6, 100, 6), (6, 101, 6), (7, 102, 6), (8, 103, 7), (7, 104, 8), (7, 105, 7), (6, 106, 7), (6, 107, 6), (8, 108, 6), (6, 109, 8), (6, 110, 6), (6, 111, 6), (6, 112, 6), (6, 113, 6), (5, 114, 6), (5, 115, 5), (6, 116, 5), (9, 117, 6), (7, 118, 9), (9, 119, 7)]
GT:  [(7, 0, -1), (7, 1, 7), (7, 2, 7), (8, 3, 7), (7, 4, 8), (6, 5, 7), (7, 6, 6), (7, 7, 7), (7, 8, 7), (5, 9, 7), (5, 10, 5), (5, 11, 5), (5, 12, 5), (5, 13, 5), (5, 14, 5), (5, 15, 5), (5, 16, 5), (4, 17, 5), (5, 18, 4), (5, 19, 5), (5, 20, 5), (5, 21, 5), (5, 22, 5), (5, 23, 5), (5, 24, 5), (5, 25, 5), (5, 26, 5), (5, 27, 5), (6, 28, 5), (6, 29, 6), (6, 30, 6), (6, 31, 6), (7, 32, 6), (7, 33, 7), (6, 34, 7), (6, 35, 6), (4, 36, 6), (6, 37, 4), (6, 38, 6), (7, 39, 6), (6, 40, 7), (6, 41, 6), (5, 42, 6), (5, 43, 5), (6, 44, 5), (6, 45, 6), (5, 46, 6), (5, 47, 5), (5, 48, 5), (7, 49, 5), (7, 50, 7), (7, 51, 7), (7, 52, 7), (6, 53, 7), (7, 54, 6), (5, 55, 7), (5, 56, 5), (5, 57, 5), (4, 58, 5), (6, 59, 4), (5, 60, 6), (6, 61, 5), (6, 62, 6), (5, 63, 6), (5, 64, 5), (4, 65, 5), (4, 66, 4), (3, 70, 4), (3, 71, 3), (2, 72, 3), (4, 73, 2), (5, 74, 4), (3, 75, 5), (4, 76, 3), (5, 77, 4), (4, 78, 5), (4, 79, 4), (5, 80, 4), (4, 81, 5), (5, 82, 4), (4, 83, 5), (5, 84, 4), (4, 85, 5), (5, 86, 4), (5, 87, 5), (4, 88, 5), (6, 89, 4), (4, 90, 6), (4, 91, 4), (4, 92, 4), (3, 93, 4), (5, 94, 3), (5, 95, 5), (4, 96, 5), (3, 97, 4), (3, 98, 3), (3, 99, 3), (3, 100, 3), (3, 101, 3), (4, 102, 3), (5, 103, 4), (4, 104, 5), (4, 105, 4), (3, 106, 4), (4, 107, 3), (5, 108, 4), (3, 109, 5), (3, 110, 3), (3, 111, 3), (3, 112, 3), (3, 113, 3), (2, 114, 3), (3, 115, 2), (4, 116, 3), (7, 117, 4), (5, 118, 7), (7, 119, 5)]
Vit2:[(7, 0, -1), (7, 1, 7), (7, 2, 7), (8, 3, 7), (7, 4, 8), (6, 5, 7), (7, 6, 6), (7, 7, 7), (7, 8, 7), (5, 9, 7), (5, 10, 5), (5, 11, 5), (5, 12, 5), (5, 13, 5), (5, 14, 5), (5, 15, 5), (5, 16, 5), (4, 17, 5), (5, 18, 4), (5, 19, 5), (5, 20, 5), (5, 21, 5), (5, 22, 5), (5, 23, 5), (5, 24, 5), (5, 25, 5), (5, 26, 5), (5, 27, 5), (6, 28, 5), (6, 29, 6), (6, 30, 6), (6, 31, 6), (7, 32, 6), (7, 33, 7), (6, 34, 7), (6, 35, 6), (4, 36, 6), (6, 37, 4), (6, 38, 6), (7, 39, 6), (6, 40, 7), (6, 41, 6), (5, 42, 6), (5, 43, 5), (6, 44, 5), (6, 45, 6), (5, 46, 6), (5, 47, 5), (5, 48, 5), (7, 49, 5), (6, 50, 7), (6, 51, 6), (6, 52, 6), (7, 53, 6), (6, 54, 7), (6, 55, 6), (6, 56, 6), (6, 57, 6), (5, 58, 6), (7, 59, 5), (6, 60, 7), (7, 61, 6), (7, 62, 7), (6, 63, 7), (6, 64, 6), (6, 65, 6), (5, 66, 6), (6, 67, 5), (5, 68, 6), (4, 69, 5), (6, 70, 4), (5, 71, 6), (4, 72, 5), (6, 73, 4), (7, 74, 6), (4, 75, 7), (5, 76, 4), (6, 77, 5), (5, 78, 6), (5, 79, 5), (6, 80, 5), (5, 81, 6), (6, 82, 5), (5, 83, 6), (6, 84, 5), (5, 85, 6), (6, 86, 5), (6, 87, 6), (5, 88, 6), (7, 89, 5), (7, 90, 7), (7, 91, 7), (5, 92, 7), (4, 93, 5), (7, 94, 4), (7, 95, 7), (6, 96, 7), (6, 97, 6), (6, 98, 6), (6, 99, 6), (6, 100, 6), (6, 101, 6), (7, 102, 6), (8, 103, 7), (7, 104, 8), (7, 105, 7), (6, 106, 7), (6, 107, 6), (8, 108, 6), (6, 109, 8), (6, 110, 6), (6, 111, 6), (6, 112, 6), (6, 113, 6), (5, 114, 6), (5, 115, 5), (6, 116, 5), (9, 117, 6), (7, 118, 9), (9, 119, 7)]
Problem: not splitting at frame_idx 6
Cause (for the 2 cases): 2 high probability occurred in frame 5, and vit2 picked one and link all the one after together
Solution: [S1]

[(6, 0, -1)]
T: (7, '50', 5), (6, '51', 7)
P: (7, '50', 5), (7, '51', 7)

[[(7, 0, -1)]
T: (7, '5', 8), (6, '6', 7)
P: (7, '5', 8), (7, '6', 7),
[s1a]





S05
GT remarks: right after frame_idx 7, the next frame jumps to 9 (should be 8); (4, 44, 4) is also missing
[(0, 0, -1), (0, 1, 0), (0, 2, 0), (0, 3, 0), (1, 4, 0), (1, 5, 1), (1, 6, 1), (1, 7, 1), (1, 9, 1), (0, 10, 1), (0, 11, 0), (0, 12, 0), (0, 13, 0), (0, 14, 0), (1, 15, 0), (0, 16, 1), (0, 17, 0), (0, 18, 0), (1, 19, 0), (1, 20, 1), (1, 21, 1), (1, 22, 1), (1, 23, 1), (1, 24, 1), (3, 25, 1), (5, 26, 3), (3, 27, 5), (3, 28, 3), (2, 29, 3), (3, 30, 2), (3, 31, 3), (4, 32, 3), (4, 33, 4), (5, 34, 4), (4, 35, 5), (4, 36, 4), (4, 37, 4), (4, 38, 4), (3, 39, 4), (3, 40, 3), (3, 41, 3), (2, 42, 3), (4, 43, 2), (4, 44, 4), (2, 46, 4), (1, 47, 2), (1, 48, 1), (1, 49, 1), (0, 50, 1), (0, 51, 0), (0, 52, 0), (1, 53, 0), (1, 54, 1), (1, 55, 1), (1, 56, 1), (1, 57, 1), (2, 58, 1), (1, 59, 2), (0, 60, 1), (0, 61, 0), (0, 62, 0), (1, 63, 0), (1, 64, 1), (1, 65, 1), (0, 66, 1), (0, 67, 0), (0, 68, 0), (0, 69, 0), (0, 70, 0), (0, 71, 0), (0, 72, 0), (0, 73, 0), (0, 74, 0), (2, 75, 0), (3, 76, 2), (5, 77, 3), (3, 81, 5), (3, 82, 3), (1, 83, 3), (3, 84, 1), (1, 85, 3), (3, 86, 1), (4, 87, 3), (4, 88, 4), (3, 89, 4), (3, 90, 3), (3, 91, 3), (3, 92, 3), (3, 93, 3), (4, 94, 3), (4, 95, 4), (4, 96, 4), (4, 97, 4), (6, 98, 4), (8, 99, 6), (6, 100, 8), (7, 101, 6), (7, 102, 7), (6, 103, 7), (8, 104, 6), (7, 105, 8), (7, 106, 7), (7, 107, 7), (4, 108, 7), (5, 109, 4), (4, 110, 5), (5, 111, 4), (5, 112, 5), (6, 113, 5), (7, 114, 6), (7, 115, 7), (7, 116, 7), (5, 117, 7), (6, 119, 5)]
Solution [s3]: Can be fixed by adding (1, 8, 1) to data
At frame_idx 60: [S1]

[(1, 0, -1), (1, 1, 1), (0, 4, 1), (0, 5, 0), (0, 6, 0), (0, 7, 0), (0, 8, 0), (0, 9, 0), (1, 10, 0), (2, 11, 1), (2, 12, 2), (2, 13, 2), (2, 14, 2), (2, 15, 2), (2, 16, 2), (2, 17, 2), (3, 18, 2), (4, 19, 3), (4, 20, 4), (5, 21, 4), (4, 22, 5), (2, 23, 4), (2, 24, 2), (2, 25, 2), (2, 26, 2), (2, 27, 2), (2, 28, 2), (1, 29, 2), (1, 30, 1), (1, 31, 1), (2, 32, 1), (1, 34, 2), (1, 35, 1), (1, 36, 1), (1, 37, 1), (1, 38, 1), (1, 39, 1), (2, 40, 1), (2, 41, 2), (0, 42, 2), (0, 43, 0), (0, 44, 0), (0, 45, 0), (0, 46, 0), (2, 47, 0), (4, 48, 2), (3, 49, 4), (1, 50, 3), (2, 51, 1), (2, 52, 2), (3, 53, 2), (0, 56, 3), (0, 57, 0), (1, 58, 0), (1, 59, 1), (0, 60, 1), (0, 61, 0), (0, 62, 0), (1, 64, 0), (1, 65, 1), (0, 66, 1), (0, 67, 0), (0, 68, 0), (0, 69, 0), (0, 70, 0), (0, 71, 0), (0, 72, 0), (0, 73, 0), (0, 74, 0), (2, 75, 0), (3, 76, 2), (6, 77, 3), (5, 79, 6), (6, 80, 5), (3, 82, 6), (1, 83, 3), (3, 84, 1), (1, 85, 3), (3, 86, 1), (4, 87, 3), (4, 88, 4), (3, 89, 4), (3, 90, 3), (3, 91, 3), (5, 92, 3), (4, 93, 5), (3, 94, 4), (5, 95, 3), (5, 96, 5), (5, 97, 5), (3, 98, 5), (2, 100, 3), (1, 101, 2), (1, 102, 1), (0, 103, 1), (0, 104, 0), (1, 105, 0), (0, 106, 1), (1, 107, 0), (2, 108, 1), (2, 109, 2), (1, 110, 2), (2, 111, 1), (3, 112, 2), (3, 113, 3), (4, 114, 3), (3, 115, 4), (1, 116, 3), (1, 117, 1), (0, 118, 1), (2, 119, 0)]
Problem: completely missing in prediction
Cause: the cell disappeared in frame_idx 2, 3. Then reappeared in 4. This makes it difficult for normal algorithm to detect it
Solution[s2]: merge trajectory algorithm?

GT:  [(2, 0, -1), (3, 1, 2), (2, 3, 3), (3, 4, 2), (4, 5, 3), (3, 6, 4), (3, 7, 3), (3, 8, 3), (2, 9, 3), (3, 10, 2), (3, 11, 3), (3, 12, 3), (3, 13, 3), (3, 14, 3), (4, 15, 3), (4, 16, 4), (5, 17, 4), (4, 18, 5), (5, 19, 4), (5, 20, 5), (6, 21, 5), (5, 22, 6), (4, 23, 5), (4, 24, 4), (6, 25, 4), (6, 26, 6), (5, 27, 6), (5, 28, 5), (5, 29, 5), (7, 30, 5), (7, 31, 7), (8, 32, 7), (8, 33, 8), (9, 34, 8), (8, 35, 9), (6, 36, 8), (6, 37, 6), (6, 38, 6), (6, 39, 6), (5, 40, 6), (5, 41, 5), (5, 42, 5), (6, 43, 5), (5, 44, 6), (6, 45, 5), (7, 46, 6), (6, 47, 7), (8, 48, 6), (8, 49, 8), (7, 50, 8), (8, 51, 7), (7, 52, 8), (8, 53, 7), (8, 54, 8), (7, 55, 8), (7, 56, 7), (7, 57, 7), (9, 58, 7), (9, 59, 9), (8, 60, 9), (9, 61, 8), (10, 62, 9), (9, 63, 10), (8, 64, 9), (8, 65, 8), (7, 66, 8), (8, 67, 7), (9, 68, 8), (9, 69, 9), (9, 70, 9), (8, 71, 9), (6, 72, 8), (6, 73, 6), (6, 74, 6), (8, 75, 6), (5, 76, 8), (9, 77, 5), (11, 78, 9), (9, 79, 11), (9, 80, 9), (7, 81, 9), (8, 82, 7), (5, 83, 8), (8, 84, 5), (11, 85, 8), (11, 86, 11), (10, 87, 11), (8, 88, 10), (7, 89, 8), (6, 90, 7), (6, 91, 6), (7, 92, 6), (7, 93, 7), (7, 94, 7), (8, 95, 7), (8, 96, 8), (8, 97, 8), (7, 98, 8), (7, 99, 7), (4, 100, 7), (4, 101, 4), (4, 102, 4), (8, 103, 4), (10, 104, 8), (9, 105, 10), (10, 106, 9), (9, 107, 10), (10, 108, 9), (10, 109, 10), (9, 110, 10), (9, 111, 9), (8, 112, 9), (8, 113, 8), (9, 114, 8), (8, 115, 9), (9, 116, 8), (8, 117, 9), (8, 118, 8), (8, 119, 8)]
Vit2:[(2, 0, -1), (3, 1, 2), (4, 2, 3), (2, 3, 4), (3, 4, 2), (4, 5, 3), (3, 6, 4), (3, 7, 3), (3, 8, 3), (2, 9, 3), (3, 10, 2), (3, 11, 3), (3, 12, 3), (3, 13, 3), (3, 14, 3), (4, 15, 3), (4, 16, 4), (5, 17, 4), (4, 18, 5), (5, 19, 4), (5, 20, 5), (6, 21, 5), (5, 22, 6), (4, 23, 5), (4, 24, 4), (6, 25, 4), (6, 26, 6), (5, 27, 6), (5, 28, 5), (5, 29, 5), (7, 30, 5), (7, 31, 7), (8, 32, 7), (8, 33, 8), (9, 34, 8), (8, 35, 9), (6, 36, 8), (6, 37, 6), (6, 38, 6), (6, 39, 6), (5, 40, 6), (5, 41, 5), (5, 42, 5), (6, 43, 5), (5, 44, 6), (6, 45, 5), (7, 46, 6), (6, 47, 7), (8, 48, 6), (8, 49, 8), (7, 50, 8), (8, 51, 7), (7, 52, 8), (8, 53, 7), (8, 54, 8), (7, 55, 8), (7, 56, 7), (7, 57, 7), (9, 58, 7), (9, 59, 9), (8, 60, 9), (9, 61, 8), (10, 62, 9), (9, 63, 10), (8, 64, 9), (8, 65, 8), (7, 66, 8), (8, 67, 7), (9, 68, 8), (9, 69, 9), (9, 70, 9), (8, 71, 9), (6, 72, 8), (6, 73, 6), (6, 74, 6), (8, 75, 6), (5, 76, 8), (9, 77, 5), (11, 78, 9), (9, 79, 11), (9, 80, 9), (7, 81, 9), (8, 82, 7), (5, 83, 8), (8, 84, 5), (11, 85, 8), (11, 86, 11), (10, 87, 11), (8, 88, 10), (7, 89, 8), (6, 90, 7), (6, 91, 6), (7, 92, 6), (7, 93, 7), (7, 94, 7), (8, 95, 7), (8, 96, 8), (8, 97, 8), (7, 98, 8), (7, 99, 7), (4, 100, 7), (4, 101, 4), (4, 102, 4), (8, 103, 4), (10, 104, 8), (9, 105, 10), (10, 106, 9), (9, 107, 10), (10, 108, 9), (10, 109, 10), (9, 110, 10), (9, 111, 9), (8, 112, 9), (8, 113, 8), (9, 114, 8), (8, 115, 9), (9, 116, 8), (8, 117, 9), (8, 118, 8), (8, 119, 8)]
Problem: (4, 2, 3) missing in GT
Solution: [s3]

GT:   [(4, 0, -1), (5, 1, 4), (6, 2, 5), (4, 3, 6), (5, 4, 4), (7, 5, 5), (7, 6, 7), (6, 7, 7), (6, 8, 6), (4, 9, 6), (6, 10, 4), (6, 11, 6), (5, 12, 6), (5, 13, 5), (5, 14, 5), (6, 15, 5), (5, 16, 6), (6, 17, 5), (5, 18, 6), (6, 19, 5), (6, 20, 6), (7, 21, 6), (6, 22, 7), (5, 23, 6), (5, 24, 5), (7, 25, 5), (7, 26, 7), (6, 27, 7), (6, 28, 6), (4, 29, 6), (6, 30, 4), (6, 31, 6), (7, 32, 6), (7, 33, 7), (8, 34, 7), (7, 35, 8), (5, 36, 7), (5, 37, 5), (5, 38, 5), (4, 39, 5), (1, 40, 4), (1, 41, 1), (1, 42, 1), (3, 43, 1), (3, 44, 3), (4, 46, 3), (3, 47, 4), (5, 48, 3), (5, 49, 5), (5, 50, 5), (6, 51, 5), (5, 52, 6), (5, 53, 5), (5, 54, 5), (4, 55, 5), (3, 56, 4), (2, 57, 3), (3, 58, 2), (3, 59, 3), (2, 60, 3), (4, 61, 2), (5, 62, 4), (5, 63, 5), (4, 64, 5), (4, 65, 4), (3, 66, 4), (5, 67, 3), (5, 68, 5), (4, 69, 5), (3, 70, 4), (3, 71, 3), (0, 72, 3), (0, 73, 0), (0, 74, 0), (2, 75, 0), (3, 76, 2), (5, 77, 3), (2, 78, 5), (2, 79, 2), (2, 80, 2), (2, 81, 2), (2, 82, 2), (0, 83, 2), (0, 84, 0), (0, 85, 0), (0, 86, 0), (0, 87, 0), (0, 88, 0), (1, 89, 0), (1, 90, 1), (1, 91, 1), (2, 92, 1), (2, 93, 2), (2, 94, 2), (2, 95, 2), (3, 96, 2), (3, 97, 3), (5, 98, 3), (6, 99, 5), (5, 100, 6), (6, 101, 5), (5, 102, 6), (5, 103, 5), (6, 104, 5), (5, 105, 6), (4, 106, 5), (4, 107, 4), (3, 108, 4), (1, 109, 3), (0, 110, 1), (0, 111, 0), (0, 112, 0), (1, 113, 0), (1, 114, 1), (2, 115, 1), (3, 116, 2), (3, 117, 3), (1, 118, 3), (1, 119, 1)]
vit2: [(4, 0, -1), (5, 1, 4), (6, 2, 5), (4, 3, 6), (5, 4, 4), (7, 5, 5), (7, 6, 7), (6, 7, 7), (6, 8, 6), (4, 9, 6), (6, 10, 4), (6, 11, 6), (5, 12, 6)]
Cause: referring to profit matix[s5][Frame_13], it is obsered that 2 cells gets really close together (without contacting). This leads to a high prob across the 2 cells.
Solution[s5]: the probability value is sufficient to differentiate their trajectory only if we cross reference each other's value. First let cell node 6(frame13) take node 6(frame14) with prob 0.784, then let cell node 5 take node 5 when it see node 6 is taken with higher prob.



S06
cause: profit matrix frame 3 column 16 contains a lot of small values which altered the routing value
solution[s6]: remove those values or set them to zero

S07, S08, S09 cannot generate

S07
Cause: From observation it is seen that in predict result there is an early merge occured and resulted a long merge in the later part.
Solution: [s1]



S10
GT: [(1, 0, -1), (1, 1, 1), (1, 2, 1), (1, 3, 1), (2, 4, 1), (2, 5, 2), (2, 6, 2), (1, 7, 2), (1, 8, 1), (2, 9, 1), (2, 10, 2), (2, 11, 2), (1, 12, 2), (1, 13, 1), (1, 14, 1), (1, 15, 1), (1, 16, 1), (1, 17, 1), (2, 18, 1), (2, 19, 2), (2, 20, 2), (2, 21, 2), (3, 22, 2), (3, 23, 3), (2, 24, 3), (3, 25, 2), (3, 26, 3), (3, 27, 3), (4, 28, 3), (4, 29, 4), (4, 30, 4), (3, 31, 4), (3, 32, 3), (3, 33, 3), (3, 34, 3), (2, 35, 3), (4, 36, 2), (4, 37, 4), (4, 38, 4), (4, 39, 4), (4, 40, 4), (4, 41, 4), (4, 42, 4), (2, 43, 4), (2, 44, 2), (2, 45, 2), (2, 46, 2), (3, 47, 2), (3, 48, 3), (2, 50, 3), (3, 51, 2), (2, 52, 3), (2, 53, 2), (2, 54, 2), (2, 55, 2), (2, 56, 2), (2, 57, 2), (2, 58, 2), (1, 59, 2), (1, 60, 1), (2, 61, 1), (1, 62, 2), (1, 63, 1), (1, 64, 1), (1, 65, 1), (0, 66, 1), (0, 67, 0), (0, 68, 0), (0, 69, 0), (0, 70, 0), (0, 71, 0), (0, 72, 0), (0, 73, 0), (0, 74, 0), (0, 75, 0), (0, 76, 0), (0, 77, 0), (0, 79, 0), (0, 80, 0), (0, 81, 0), (0, 82, 0), (0, 83, 0), (0, 84, 0), (0, 85, 0), (0, 87, 0), (0, 88, 0), (0, 89, 0), (0, 90, 0), (0, 91, 0), (0, 92, 0), (0, 93, 0), (0, 94, 0), (0, 95, 0), (0, 96, 0), (1, 97, 0), (0, 98, 1), (1, 99, 0), (2, 100, 1), (0, 101, 2), (0, 102, 0), (1, 103, 0), (1, 104, 1), (1, 105, 1), (1, 106, 1), (1, 107, 1), (0, 108, 1), (0, 109, 0), (0, 110, 0), (0, 111, 0), (0, 112, 0), (0, 113, 0), (0, 114, 0), (0, 115, 0), (0, 116, 0), (0, 117, 0), (0, 118, 0), (1, 119, 0), (1, 120, 1), (1, 121, 1), (3, 122, 1), (2, 123, 3), (3, 124, 2), (3, 125, 3), (4, 126, 3), (4, 127, 4), (4, 128, 4), (4, 129, 4)]
GT: [(2, 0, -1), (2, 1, 2), (2, 2, 2), (2, 3, 2), (1, 4, 2), (1, 5, 1), (1, 6, 1), (2, 7, 1), (2, 8, 2), (1, 9, 2), (1, 10, 1), (1, 11, 1), (2, 12, 1), (2, 13, 2), (2, 14, 2), (2, 15, 2), (2, 16, 2), (2, 17, 2), (1, 18, 2), (1, 19, 1), (1, 20, 1), (1, 21, 1), (1, 22, 1), (0, 23, 1), (0, 24, 0), (0, 25, 0), (0, 26, 0), (0, 27, 0), (0, 28, 0), (0, 29, 0), (0, 30, 0), (0, 31, 0), (0, 34, 0), (0, 35, 0), (0, 36, 0), (0, 37, 0), (0, 38, 0), (0, 39, 0), (0, 40, 0), (0, 41, 0), (0, 42, 0), (0, 43, 0), (0, 44, 0), (0, 45, 0), (0, 46, 0), (0, 47, 0), (0, 48, 0), (0, 49, 0), (0, 50, 0), (0, 51, 0), (0, 52, 0), (0, 53, 0), (0, 54, 0), (0, 55, 0), (0, 56, 0), (0, 57, 0), (0, 58, 0), (0, 59, 0), (0, 60, 0), (0, 61, 0), (0, 62, 0), (0, 63, 0), (0, 64, 0), (0, 65, 0), (0, 66, 0), (1, 67, 0), (1, 68, 1), (1, 69, 1), (1, 70, 1), (1, 71, 1), (2, 72, 1), (2, 73, 2), (2, 74, 2), (2, 75, 2), (4, 76, 2), (4, 77, 4), (5, 78, 4), (6, 79, 5), (5, 81, 6), (5, 82, 5), (4, 83, 5), (4, 84, 4), (4, 85, 4), (4, 86, 4), (4, 87, 4), (4, 88, 4), (4, 89, 4), (4, 90, 4), (3, 91, 4), (4, 92, 3), (3, 93, 4), (4, 94, 3), (4, 95, 4), (4, 96, 4), (4, 97, 4), (4, 98, 4), (4, 99, 4), (3, 100, 4), (5, 101, 3), (5, 102, 5), (5, 103, 5), (4, 104, 5), (4, 105, 4), (5, 106, 4), (4, 107, 5), (3, 108, 4), (3, 109, 3), (1, 110, 3), (1, 111, 1), (1, 112, 1), (1, 113, 1), (1, 114, 1), (1, 115, 1), (1, 116, 1), (0, 117, 1), (0, 118, 0), (1, 119, 0), (1, 120, 1), (1, 121, 1), (3, 122, 1), (2, 123, 3), (2, 124, 2), (2, 125, 2), (2, 126, 2), (1, 127, 2), (0, 128, 1), (0, 129, 0)]
problem: not appearing in prediction
cause and solution: [s6]

GT:  [(5, 0, -1), (6, 1, 5), (5, 2, 6), (5, 3, 5), (6, 4, 5), (6, 5, 6), (5, 6, 6), (5, 7, 5), (5, 8, 5), (4, 9, 5), (4, 10, 4), (4, 11, 4), (4, 12, 4), (4, 13, 4), (4, 14, 4), (5, 15, 4), (4, 16, 5), (5, 17, 4), (6, 18, 5), (5, 19, 6), (5, 20, 5), (5, 21, 5), (5, 22, 5), (6, 23, 5), (6, 24, 6), (5, 25, 6), (5, 26, 5), (6, 27, 5), (6, 28, 6), (6, 29, 6), (6, 30, 6), (6, 31, 6), (7, 32, 6), (7, 33, 7), (6, 34, 7), (8, 35, 6), (6, 36, 8), (6, 37, 6), (7, 38, 6), (8, 39, 7), (7, 40, 8), (7, 41, 7), (7, 42, 7), (7, 43, 7), (6, 44, 7), (7, 45, 6), (7, 46, 7), (6, 47, 7), (6, 48, 6), (8, 49, 6), (6, 50, 8), (6, 51, 6), (6, 52, 6), (7, 53, 6), (6, 54, 7), (6, 55, 6), (6, 56, 6), (5, 57, 6), (5, 58, 5), (4, 59, 5), (4, 60, 4), (4, 61, 4), (4, 62, 4), (4, 63, 4), (4, 64, 4), (3, 65, 4), (2, 66, 3), (3, 67, 2), (3, 68, 3), (3, 69, 3), (2, 70, 3), (2, 71, 2), (1, 72, 2), (1, 73, 1), (1, 74, 1), (1, 75, 1), (1, 76, 1), (1, 77, 1), (1, 78, 1), (2, 79, 1), (1, 80, 2), (2, 81, 1), (1, 82, 2), (2, 83, 1), (2, 84, 2), (1, 85, 2), (1, 86, 1), (2, 87, 1), (2, 88, 2), (2, 89, 2), (2, 90, 2), (2, 91, 2), (1, 92, 2), (1, 93, 1), (1, 94, 1), (1, 95, 1), (1, 96, 1), (0, 97, 1), (1, 98, 0), (0, 99, 1), (0, 100, 0), (1, 101, 0), (2, 102, 1), (2, 103, 2), (2, 104, 2), (2, 105, 2), (4, 106, 2), (3, 107, 4), (5, 108, 3), (5, 110, 5), (5, 111, 5), (5, 112, 5), (5, 113, 5), (5, 114, 5), (5, 115, 5), (5, 116, 5), (4, 117, 5), (2, 118, 4), (2, 119, 2), (3, 120, 2), (3, 121, 3), (3, 122, 3), (2, 123, 3), (3, 124, 2), (3, 125, 3), (2, 126, 3), (1, 127, 2), (0, 128, 1), (0, 129, 0)]
vit2:[(5, 0, -1), (6, 1, 5), (5, 2, 6), (5, 3, 5), (6, 4, 5), (6, 5, 6), (5, 6, 6), (5, 7, 5), (5, 8, 5), (4, 9, 5), (4, 10, 4), (4, 11, 4), (4, 12, 4), (4, 13, 4), (4, 14, 4), (5, 15, 4), (4, 16, 5), (5, 17, 4), (6, 18, 5), (5, 19, 6), (5, 20, 5), (5, 21, 5), (5, 22, 5), (6, 23, 5), (6, 24, 6), (5, 25, 6), (5, 26, 5), (6, 27, 5), (6, 28, 6), (6, 29, 6), (6, 30, 6), (6, 31, 6), (7, 32, 6), (7, 33, 7), (6, 34, 7), (8, 35, 6), (6, 36, 8), (6, 37, 6), (7, 38, 6), (8, 39, 7), (7, 40, 8), (7, 41, 7), (7, 42, 7), (7, 43, 7), (6, 44, 7), (7, 45, 6), (7, 46, 7), (6, 47, 7), (6, 48, 6), (8, 49, 6), (6, 50, 8), (6, 51, 6), (6, 52, 6), (7, 53, 6), (6, 54, 7), (6, 55, 6), (6, 56, 6), (5, 57, 6), (5, 58, 5), (4, 59, 5), (4, 60, 4), (4, 61, 4), (4, 62, 4), (4, 63, 4), (4, 64, 4), (3, 65, 4), (2, 66, 3), (3, 67, 2), (3, 68, 3), (3, 69, 3), (2, 70, 3), (2, 71, 2), (1, 72, 2), (1, 73, 1), (1, 74, 1), (1, 75, 1), (1, 76, 1), (1, 77, 1), (1, 78, 1), (2, 79, 1), (1, 80, 2), (2, 81, 1), (1, 82, 2), (2, 83, 1), (2, 84, 2), (1, 85, 2), (1, 86, 1), (2, 87, 1), (2, 88, 2), (2, 89, 2), (2, 90, 2), (2, 91, 2), (1, 92, 2), (1, 93, 1), (1, 94, 1), (1, 95, 1), (1, 96, 1), (0, 97, 1), (1, 98, 0), (0, 99, 1), (0, 100, 0), (1, 101, 0), (2, 102, 1), (2, 103, 2)]
cause: being cut at frame_idx 103 because shared with another trajectory
solution: [s1]


S11
GT: [(0, 0, -1), (0, 1, 0), (0, 2, 0), (0, 3, 0), (0, 4, 0), (0, 5, 0), (0, 6, 0), (0, 7, 0), (0, 8, 0), (0, 9, 0), (0, 10, 0), (0, 11, 0), (0, 12, 0), (0, 13, 0), (0, 14, 0), (0, 15, 0), (1, 16, 0), (1, 17, 1), (1, 18, 1), (0, 19, 1), (0, 20, 0), (0, 21, 0), (0, 22, 0), (0, 23, 0), (0, 24, 0), (0, 25, 0), (0, 26, 0), (1, 27, 0), (1, 28, 1), (0, 29, 1), (1, 30, 0), (1, 32, 1), (1, 33, 1), (1, 34, 1), (1, 35, 1), (1, 36, 1), (0, 37, 1), (0, 38, 0), (1, 39, 0), (0, 40, 1), (0, 41, 0), (0, 42, 0), (0, 43, 0), (0, 44, 0), (0, 45, 0), (0, 46, 0), (0, 47, 0), (0, 48, 0), (0, 49, 0), (0, 50, 0), (0, 51, 0), (0, 52, 0), (0, 53, 0), (0, 54, 0), (0, 55, 0), (0, 56, 0), (0, 57, 0), (0, 58, 0), (0, 59, 0), (0, 60, 0), (0, 61, 0), (0, 62, 0), (0, 63, 0), (0, 64, 0), (0, 65, 0), (0, 66, 0), (0, 67, 0), (0, 68, 0), (0, 69, 0), (0, 70, 0), (0, 71, 0), (0, 72, 0), (0, 73, 0), (0, 74, 0), (0, 75, 0), (0, 76, 0), (0, 77, 0), (0, 78, 0), (0, 79, 0), (0, 80, 0), (0, 81, 0), (0, 82, 0), (0, 83, 0), (0, 84, 0), (0, 85, 0), (0, 86, 0), (0, 87, 0), (0, 88, 0), (0, 89, 0), (0, 90, 0), (0, 91, 0), (0, 92, 0), (0, 93, 0), (0, 94, 0), (0, 95, 0), (1, 96, 0), (1, 97, 1), (2, 98, 1), (1, 99, 2), (1, 100, 1), (1, 101, 1), (1, 102, 1), (0, 103, 1), (0, 104, 0), (0, 105, 0), (0, 106, 0), (0, 107, 0), (0, 108, 0), (0, 109, 0), (0, 110, 0), (0, 111, 0), (0, 112, 0), (0, 113, 0), (0, 114, 0), (1, 115, 0), (1, 116, 1), (1, 117, 1), (1, 118, 1), (1, 119, 1)]
Vit2: not exist
Cause:  (0, 0, -1) merged with (1, 1, -1) in frame_idx 2 and being trim and cut(removed) in post adj as (1, 1, -1) has higher prob
Solution [s1]

GT:  [(1, 0, -1), (1, 1, 1), (0, 2, 1), (0, 3, 0), (0, 4, 0), (1, 5, 0), (1, 6, 1), (1, 7, 1), (1, 8, 1), (0, 9, 1), (0, 10, 0), (0, 11, 0), (0, 12, 0), (0, 13, 0), (0, 14, 0), (0, 15, 0), (1, 16, 0), (1, 17, 1), (1, 18, 1), (0, 19, 1), (1, 20, 0), (1, 21, 1), (1, 22, 1), (1, 23, 1), (1, 24, 1), (2, 25, 1), (2, 26, 2), (3, 27, 2), (3, 28, 3), (2, 29, 3), (2, 30, 2), (2, 31, 2), (2, 32, 2), (2, 33, 2), (3, 34, 2), (3, 35, 3), (3, 36, 3), (3, 37, 3), (3, 38, 3), (3, 39, 3), (4, 40, 3), (3, 41, 4), (2, 42, 3), (2, 43, 2), (3, 45, 2), (3, 46, 3), (3, 47, 3), (3, 48, 3), (4, 49, 3), (4, 50, 4), (4, 51, 4), (4, 52, 4), (4, 53, 4), (4, 54, 4), (4, 55, 4), (4, 56, 4), (5, 57, 4), (4, 58, 5), (4, 59, 4), (4, 60, 4), (4, 61, 4), (3, 62, 4), (3, 63, 3), (4, 64, 3), (4, 65, 4), (3, 66, 4), (4, 67, 3), (4, 68, 4), (4, 69, 4), (4, 70, 4), (4, 71, 4), (4, 72, 4), (4, 73, 4), (2, 74, 4), (2, 75, 2), (3, 76, 2), (2, 77, 3), (2, 78, 2), (2, 79, 2), (2, 80, 2), (1, 81, 2), (2, 82, 1), (1, 83, 2), (1, 84, 1), (2, 85, 1), (2, 86, 2), (2, 87, 2), (2, 88, 2), (2, 89, 2), (2, 90, 2), (2, 91, 2), (2, 92, 2), (2, 93, 2), (2, 94, 2), (1, 95, 2), (2, 96, 1), (3, 97, 2), (3, 98, 3), (3, 99, 3), (2, 100, 3), (2, 101, 2), (3, 102, 2), (1, 103, 3), (1, 104, 1), (2, 105, 1), (2, 106, 2), (4, 107, 2), (5, 108, 4), (5, 109, 5), (5, 110, 5), (5, 111, 5), (6, 112, 5), (6, 113, 6), (6, 114, 6), (6, 115, 6), (5, 116, 6), (4, 117, 5), (5, 118, 4), (6, 119, 5)]
Vit2:[(1, 0, -1), (2, 1, 1), (1, 2, 2), (1, 3, 1), (1, 4, 1), (2, 5, 1), (2, 6, 2), (2, 7, 2), (2, 8, 2), (1, 9, 2), (1, 10, 1), (1, 11, 1), (1, 12, 1), (1, 13, 1), (1, 14, 1), (1, 15, 1), (2, 16, 1), (2, 17, 2), (2, 18, 2), (1, 19, 2), (2, 20, 1), (2, 21, 2), (2, 22, 2), (2, 23, 2), (1, 24, 2), (2, 25, 1), (2, 26, 2), (3, 27, 2), (3, 28, 3), (2, 29, 3), (2, 30, 2), (2, 31, 2), (2, 32, 2), (2, 33, 2), (3, 34, 2), (3, 35, 3), (3, 36, 3), (3, 37, 3), (3, 38, 3), (3, 39, 3), (4, 40, 3), (3, 41, 4), (2, 42, 3), (2, 43, 2), (3, 44, 2), (3, 45, 3), (3, 46, 3), (3, 47, 3), (3, 48, 3), (4, 49, 3), (4, 50, 4), (4, 51, 4), (4, 52, 4), (4, 53, 4), (4, 54, 4), (4, 55, 4), (4, 56, 4), (5, 57, 4), (4, 58, 5), (4, 59, 4), (4, 60, 4), (4, 61, 4), (3, 62, 4)]
remarks: seems Vit2 is more accurate in frame_idx 1

GT:
[(1, 0, -1), (1, 1, 1), (0, 2, 1), (0, 3, 0), (0, 4, 0), (1, 5, 0), (1, 6, 1), (1, 7, 1), (1, 8, 1), (0, 9, 1), (0, 10, 0), (0, 11, 0), (0, 12, 0), (0, 13, 0), (0, 14, 0), (0, 15, 0), (1, 16, 0), (1, 17, 1), (1, 18, 1), (0, 19, 1), (1, 20, 0), (1, 21, 1), (1, 22, 1), (1, 23, 1), (1, 24, 1), (2, 25, 1), (2, 26, 2), (3, 27, 2), (3, 28, 3), (2, 29, 3), (2, 30, 2), (2, 31, 2), (2, 32, 2), (2, 33, 2), (3, 34, 2), (3, 35, 3), (3, 36, 3), (3, 37, 3), (3, 38, 3), (3, 39, 3), (4, 40, 3), (3, 41, 4), (2, 42, 3), (2, 43, 2), (3, 45, 2), (3, 46, 3), (3, 47, 3), (3, 48, 3), (4, 49, 3), (4, 50, 4), (4, 51, 4), (4, 52, 4), (4, 53, 4), (4, 54, 4), (4, 55, 4), (4, 56, 4), (5, 57, 4), (4, 58, 5), (4, 59, 4), (4, 60, 4), (4, 61, 4), (3, 62, 4), (3, 63, 3), (4, 64, 3), (4, 65, 4), (3, 66, 4), (4, 67, 3), (4, 68, 4), (4, 69, 4), (4, 70, 4), (4, 71, 4), (4, 72, 4), (4, 73, 4), (2, 74, 4), (2, 75, 2), (3, 76, 2), (2, 77, 3), (2, 78, 2), (2, 79, 2), (2, 80, 2), (1, 81, 2), (2, 82, 1), (1, 83, 2), (1, 84, 1), (2, 85, 1), (2, 86, 2), (2, 87, 2), (2, 88, 2), (2, 89, 2), (2, 90, 2), (2, 91, 2), (2, 92, 2), (2, 93, 2), (2, 94, 2), (1, 95, 2), (2, 96, 1), (3, 97, 2), (3, 98, 3), (3, 99, 3), (2, 100, 3), (2, 101, 2), (3, 102, 2), (1, 103, 3), (1, 104, 1), (2, 105, 1), (2, 106, 2), (4, 107, 2), (5, 108, 4), (5, 109, 5), (5, 110, 5), (5, 111, 5), (6, 112, 5), (6, 113, 6), (6, 114, 6), (6, 115, 6), (5, 116, 6), (4, 117, 5), (5, 118, 4), (6, 119, 5)]
[(1, 0, -1), (2, 1, 1), (1, 2, 2), (1, 3, 1), (1, 4, 1), (2, 5, 1), (2, 6, 2), (2, 7, 2), (2, 8, 2), (1, 9, 2), (1, 10, 1), (1, 11, 1), (1, 12, 1), (1, 13, 1), (1, 14, 1), (1, 15, 1), (2, 16, 1), (2, 17, 2), (2, 18, 2), (1, 19, 2), (2, 20, 1), (2, 21, 2), (2, 22, 2), (2, 23, 2), (1, 24, 2), (1, 25, 1), (1, 26, 1), (2, 27, 1), (2, 28, 2), (1, 29, 2), (0, 30, 1), (0, 31, 0), (0, 32, 0), (0, 33, 0), (0, 34, 0), (0, 35, 0), (0, 36, 0), (1, 37, 0), (1, 38, 1), (0, 39, 1), (1, 41, 0), (1, 44, 1), (1, 45, 1), (1, 46, 1), (1, 47, 1), (1, 48, 1), (1, 49, 1), (1, 50, 1), (1, 51, 1), (1, 52, 1), (1, 53, 1), (1, 54, 1), (1, 55, 1), (1, 56, 1), (1, 57, 1), (1, 58, 1), (1, 59, 1), (1, 60, 1), (1, 61, 1), (0, 62, 1), (0, 63, 0), (1, 64, 0), (1, 65, 1), (1, 66, 1), (1, 67, 1), (1, 68, 1), (1, 69, 1), (1, 70, 1), (1, 71, 1), (1, 72, 1), (1, 73, 1), (1, 74, 1), (1, 75, 1), (1, 76, 1), (1, 77, 1), (1, 78, 1), (1, 79, 1), (1, 80, 1), (0, 81, 1), (0, 82, 0), (0, 83, 0), (0, 84, 0), (1, 85, 0), (1, 86, 1), (1, 87, 1), (1, 88, 1), (1, 89, 1), (1, 90, 1), (1, 91, 1), (1, 92, 1), (1, 93, 1), (1, 94, 1), (0, 95, 1), (0, 96, 0), (0, 97, 0), (0, 98, 0), (0, 99, 0), (0, 100, 0), (0, 101, 0), (0, 102, 0), (0, 103, 0), (0, 104, 0), (0, 105, 0), (0, 106, 0), (0, 107, 0), (1, 108, 0), (1, 109, 1), (1, 110, 1), (1, 111, 1), (1, 112, 1), (3, 113, 1), (3, 114, 3), (3, 115, 3), (2, 116, 3), (0, 117, 2), (0, 118, 0), (0, 119, 0)]
problem: double (1, 0, -1)
solution: let the second track start from (2, 1, 1)?

GT: [(3, 0, -1), (3, 1, 3), (4, 2, 3), (4, 3, 4), (4, 4, 4), (5, 5, 4), (5, 6, 5), (4, 7, 5), (4, 8, 4), (3, 9, 4), (3, 10, 3), (3, 11, 3), (3, 12, 3), (3, 13, 3), (3, 14, 3), (3, 15, 3), (4, 16, 3), (4, 17, 4), (4, 18, 4), (3, 19, 4), (4, 20, 3), (4, 21, 4), (4, 22, 4), (4, 23, 4), (3, 24, 4), (4, 25, 3), (5, 26, 4), (4, 27, 5), (4, 28, 4), (3, 29, 4), (3, 30, 3), (3, 31, 3), (3, 32, 3), (3, 33, 3), (2, 34, 3), (2, 35, 2), (2, 36, 2), (2, 37, 2), (2, 38, 2), (2, 39, 2), (3, 40, 2), (2, 41, 3), (1, 42, 2), (1, 43, 1), (2, 44, 1), (2, 45, 2), (2, 46, 2), (2, 47, 2), (2, 48, 2), (2, 49, 2), (2, 50, 2), (2, 51, 2), (2, 52, 2), (2, 53, 2), (2, 54, 2), (2, 55, 2), (2, 56, 2), (2, 57, 2), (2, 58, 2), (2, 59, 2), (2, 60, 2), (2, 61, 2), (1, 62, 2), (1, 63, 1), (2, 64, 1), (2, 65, 2), (2, 66, 2), (2, 67, 2), (2, 68, 2), (2, 69, 2), (2, 70, 2), (2, 71, 2), (2, 72, 2), (2, 73, 2), (3, 74, 2), (3, 75, 3), (2, 76, 3), (3, 77, 2), (4, 78, 3), (4, 79, 4), (4, 80, 4), (3, 81, 4), (3, 82, 3), (3, 83, 3), (3, 84, 3), (4, 85, 3), (4, 86, 4), (4, 87, 4), (6, 88, 4), (5, 91, 6), (6, 92, 5), (5, 93, 6), (5, 95, 5), (6, 96, 5), (8, 97, 6), (7, 98, 8), (7, 99, 7), (5, 100, 7), (6, 101, 5), (6, 102, 6), (5, 103, 6), (5, 104, 5), (5, 105, 5), (4, 106, 5), (3, 107, 4), (4, 108, 3), (4, 109, 4), (4, 110, 4), (3, 111, 4), (3, 112, 3), (1, 113, 3), (1, 114, 1), (0, 115, 1), (0, 116, 0), (0, 117, 0), (0, 118, 0), (4, 119, 0)]
Vit2: [(3, 0, -1), (3, 1, 3), (4, 2, 3), (4, 3, 4), (4, 4, 4), (5, 5, 4), (5, 6, 5), (4, 7, 5), (4, 8, 4), (3, 9, 4), (3, 10, 3), (3, 11, 3), (3, 12, 3), (3, 13, 3), (3, 14, 3), (3, 15, 3), (4, 16, 3), (4, 17, 4), (4, 18, 4), (3, 19, 4), (4, 20, 3), (4, 21, 4), (4, 22, 4), (4, 23, 4), (3, 24, 4), (4, 25, 3), (5, 26, 4), (4, 27, 5), (4, 28, 4), (3, 29, 4), (3, 30, 3), (3, 31, 3), (3, 32, 3), (3, 33, 3), (2, 34, 3), (2, 35, 2), (2, 36, 2), (2, 37, 2), (2, 38, 2), (2, 39, 2), (3, 40, 2), (2, 41, 3), (1, 42, 2), (1, 43, 1), (2, 44, 1)]
[s5]


S12 cannot generate

S13
GT:
[(7, 0, -1), (8, 1, 7), (6, 2, 8), (7, 3, 6), (8, 4, 7), (6, 5, 8), (5, 6, 6), (6, 7, 5), (6, 8, 6), (6, 9, 6), (5, 10, 6), (5, 11, 5), (6, 12, 5), (5, 13, 6), (6, 14, 5), (6, 15, 6), (7, 16, 6), (12, 17, 7), (10, 18, 12), (6, 19, 10), (6, 20, 6), (8, 21, 6), (8, 22, 8), (6, 23, 8), (11, 24, 6), (10, 25, 11), (11, 26, 10), (9, 27, 11), (11, 28, 9), (8, 29, 11), (8, 30, 8), (10, 31, 8), (11, 32, 10), (10, 33, 11), (9, 34, 10), (10, 35, 9), (13, 36, 10), (13, 37, 13), (13, 38, 13), (15, 39, 13), (16, 40, 15), (13, 41, 16), (17, 42, 13), (15, 43, 17), (14, 44, 15), (13, 45, 14), (13, 46, 13), (15, 47, 13), (14, 48, 15), (16, 49, 14), (16, 50, 16), (14, 51, 16), (14, 52, 14), (16, 53, 14), (16, 54, 16), (14, 55, 16), (15, 56, 14), (14, 57, 15), (16, 58, 14), (17, 59, 16), (15, 60, 17), (15, 61, 15), (14, 62, 15), (16, 63, 14), (19, 64, 16), (17, 65, 19), (18, 66, 17), (17, 67, 18), (18, 68, 17), (21, 69, 18), (19, 70, 21), (21, 71, 19), (20, 72, 21), (21, 73, 20), (18, 74, 21), (21, 75, 18), (21, 76, 21), (18, 77, 21), (20, 78, 18), (21, 79, 20), (20, 80, 21), (20, 81, 20), (20, 82, 20), (18, 83, 20), (16, 84, 18), (17, 85, 16), (16, 86, 17), (17, 87, 16), (21, 88, 17), (18, 89, 21), (18, 90, 18), (17, 91, 18), (14, 92, 17), (13, 93, 14), (13, 94, 13), (14, 95, 13), (15, 96, 14), (16, 97, 15), (15, 98, 16), (16, 99, 15), (18, 100, 16), (16, 101, 18), (17, 102, 16), (15, 103, 17), (17, 104, 15), (18, 105, 17), (20, 106, 18), (21, 107, 20), (19, 108, 21), (18, 109, 19), (19, 110, 18), (20, 111, 19), (19, 112, 20), (17, 113, 19), (14, 114, 17), (13, 115, 14), (16, 116, 13), (16, 117, 16), (15, 118, 16), (15, 119, 15)]
[(8, 0, -1), (9, 1, 8), (7, 2, 9), (8, 3, 7), (9, 4, 8), (7, 5, 9), (6, 6, 7), (7, 7, 6), (7, 8, 7), (7, 9, 7), (6, 10, 7), (6, 11, 6), (7, 12, 6), (6, 13, 7), (7, 14, 6), (7, 15, 7), (8, 16, 7), (13, 17, 8), (11, 18, 13), (7, 19, 11), (7, 20, 7), (7, 21, 7), (7, 22, 7), (5, 23, 7), (10, 24, 5), (9, 25, 10), (10, 26, 9), (10, 28, 10), (7, 29, 10), (7, 30, 7), (9, 31, 7), (10, 32, 9), (8, 33, 10), (8, 34, 8), (9, 35, 8), (11, 36, 9), (11, 37, 11), (11, 38, 11), (14, 40, 11), (11, 41, 14), (16, 42, 11), (13, 43, 16), (12, 44, 13), (11, 45, 12), (11, 46, 11), (13, 47, 11), (12, 48, 13), (14, 49, 12), (14, 50, 14), (12, 52, 14), (14, 53, 12), (13, 54, 14), (11, 55, 13), (12, 56, 11), (11, 57, 12), (13, 58, 11), (14, 59, 13), (14, 60, 14), (14, 61, 14), (13, 62, 14), (17, 63, 13), (20, 64, 17), (19, 65, 20), (19, 66, 19), (18, 67, 19), (17, 68, 18), (19, 69, 17), (21, 71, 19), (20, 72, 21), (20, 73, 20), (17, 74, 20), (19, 75, 17), (18, 76, 19), (16, 78, 18), (17, 79, 16), (18, 80, 17), (21, 81, 18), (22, 82, 21), (21, 83, 22), (23, 84, 21), (22, 85, 23), (23, 86, 22), (24, 87, 23), (27, 88, 24), (25, 89, 27), (25, 90, 25), (26, 91, 25), (23, 92, 26), (24, 93, 23), (23, 94, 24), (26, 95, 23), (27, 96, 26), (28, 97, 27), (26, 98, 28), (27, 99, 26), (28, 100, 27), (27, 101, 28), (25, 102, 27), (21, 103, 25), (23, 104, 21), (22, 105, 23), (26, 106, 22), (26, 107, 26), (23, 108, 26), (22, 109, 23), (23, 110, 22), (23, 111, 23), (23, 112, 23), (22, 113, 23), (24, 114, 22), (22, 115, 24), (23, 116, 22), (24, 117, 23), (24, 118, 24), (25, 119, 24)]
Vit2: being cut at frame_idx 4
[s2]

GT: [(10, 0, -1), (11, 1, 10), (9, 2, 11), (10, 3, 9), (11, 4, 10), (9, 5, 11), (8, 6, 9), (9, 7, 8), (9, 8, 9), (9, 9, 9), (8, 10, 9), (8, 11, 8), (9, 12, 8), (8, 13, 9), (8, 14, 8), (8, 15, 8), (9, 16, 8), (14, 17, 9), (12, 18, 14), (8, 19, 12), (8, 20, 8), (9, 21, 8), (9, 22, 9), (7, 23, 9), (12, 24, 7), (11, 25, 12), (12, 26, 11), (10, 27, 12), (12, 28, 10), (9, 29, 12), (9, 30, 9), (11, 31, 9), (12, 32, 11), (9, 33, 12), (11, 35, 9), (12, 36, 11), (12, 37, 12), (12, 38, 12), (14, 39, 12), (15, 40, 14), (12, 41, 15), (15, 42, 12), (12, 43, 15), (11, 44, 12), (8, 45, 11), (8, 46, 8), (10, 47, 8), (9, 48, 10), (11, 49, 9), (11, 50, 11), (7, 51, 11), (6, 52, 7), (8, 53, 6), (6, 54, 8), (5, 55, 6), (5, 56, 5), (4, 57, 5), (7, 58, 4), (8, 59, 7), (8, 60, 8), (9, 61, 8), (12, 63, 9), (14, 64, 12), (12, 65, 14), (10, 66, 12), (10, 67, 10), (10, 68, 10), (11, 69, 10), (11, 70, 11), (13, 72, 11), (14, 73, 13), (11, 74, 14), (11, 75, 11), (10, 76, 11), (9, 77, 10), (8, 78, 9), (9, 79, 8), (9, 80, 9), (10, 81, 9), (12, 82, 10), (10, 83, 12), (8, 84, 10), (8, 86, 8), (9, 87, 8), (10, 88, 9), (6, 89, 10), (6, 90, 6), (4, 91, 6), (4, 92, 4), (5, 93, 4), (8, 94, 5), (9, 95, 8), (11, 96, 9), (12, 97, 11), (12, 98, 12), (12, 99, 12), (12, 100, 12), (12, 101, 12), (13, 102, 12), (9, 103, 13), (9, 104, 9), (11, 105, 9), (11, 106, 11), (10, 107, 11), (7, 108, 10), (8, 109, 7), (10, 110, 8), (9, 111, 10), (10, 112, 9), (11, 113, 10), (11, 114, 11), (10, 115, 11), (13, 116, 10), (13, 117, 13), (13, 118, 13), (13, 119, 13)]
Vit2: [(10, 0, -1), (11, 1, 10), (9, 2, 11), (10, 3, 9), (11, 4, 10), (9, 5, 11), (8, 6, 9), (9, 7, 8), (9, 8, 9), (9, 9, 9), (8, 10, 9), (8, 11, 8), (9, 12, 8), (8, 13, 9), (8, 14, 8), (8, 15, 8), (9, 16, 8), (14, 17, 9), (12, 18, 14), (8, 19, 12), (8, 20, 8), (9, 21, 8), (9, 22, 9), (7, 23, 9), (12, 24, 7), (11, 25, 12), (12, 26, 11), (10, 27, 12), (12, 28, 10), (9, 29, 12), (9, 30, 9), (11, 31, 9), (12, 32, 11), (9, 33, 12), (10, 34, 9), (11, 35, 10), (12, 36, 11), (12, 37, 12), (12, 38, 12), (14, 39, 12), (15, 40, 14), (12, 41, 15), (15, 42, 12), (12, 43, 15), (11, 44, 12), (8, 45, 11), (8, 46, 8), (10, 47, 8), (9, 48, 10), (11, 49, 9), (11, 50, 11), (7, 51, 11), (6, 52, 7), (8, 53, 6), (6, 54, 8), (5, 55, 6), (5, 56, 5), (4, 57, 5)]
cause: (10, 34, 9) missing in GT
solution: [s3]

problem2: being cut at frame_idx 57
cause: 4-57 to 4-58 value is too low
solution: [s2]


======================S14================================
GT:
[(0, 0, -1), (0, 1, 0), (0, 2, 0), (0, 3, 0), (0, 4, 0), (0, 5, 0), (0, 6, 0), (1, 7, 0), (1, 8, 1), (1, 9, 1), (1, 10, 1), (1, 11, 1), (1, 12, 1), (1, 13, 1), (1, 14, 1), (1, 15, 1), (1, 16, 1), (1, 17, 1), (1, 18, 1), (2, 19, 1), (2, 20, 2), (1, 21, 2), (1, 22, 1), (1, 23, 1), (1, 24, 1), (1, 25, 1), (1, 26, 1), (1, 27, 1), (1, 28, 1), (2, 29, 1), (2, 30, 2), (2, 31, 2), (1, 32, 2), (1, 33, 1), (1, 34, 1), (1, 35, 1), (2, 36, 1), (1, 37, 2), (1, 38, 1), (1, 39, 1), (1, 40, 1), (2, 41, 1), (2, 42, 2), (2, 43, 2), (1, 44, 2), (1, 45, 1), (1, 46, 1), (1, 47, 1), (2, 48, 1), (3, 49, 2), (3, 50, 3), (3, 51, 3), (3, 52, 3), (4, 53, 3), (4, 54, 4), (5, 55, 4), (5, 56, 5), (5, 57, 5), (5, 58, 5), (5, 59, 5), (5, 60, 5), (4, 61, 5), (4, 62, 4), (4, 63, 4), (4, 64, 4), (3, 65, 4), (3, 66, 3), (3, 67, 3), (3, 68, 3), (2, 69, 3), (2, 70, 2), (2, 71, 2), (2, 72, 2), (2, 73, 2), (2, 74, 2), (2, 75, 2), (1, 76, 2), (2, 77, 1), (1, 78, 2), (1, 79, 1), (1, 80, 1), (1, 81, 1), (1, 82, 1), (2, 83, 1), (2, 84, 2), (1, 85, 2), (1, 86, 1), (1, 87, 1), (2, 88, 1), (1, 89, 2), (2, 90, 1), (2, 91, 2), (1, 92, 2), (1, 93, 1), (1, 94, 1), (0, 95, 1), (0, 96, 0), (1, 97, 0), (0, 98, 1), (1, 99, 0), (0, 100, 1), (0, 101, 0), (0, 102, 0), (0, 103, 0), (0, 104, 0), (1, 105, 0), (2, 106, 1), (2, 107, 2), (1, 108, 2), (1, 109, 1), (1, 110, 1), (2, 111, 1), (2, 112, 2), (3, 113, 2), (1, 114, 3), (0, 115, 1), (0, 116, 0), (1, 117, 0), (2, 118, 1), (2, 119, 2)]
[(1, 0, -1), (1, 1, 1), (1, 2, 1), (1, 3, 1), (1, 4, 1), (1, 5, 1), (1, 6, 1), (0, 7, 1), (0, 8, 0), (0, 9, 0), (0, 10, 0), (0, 11, 0), (0, 12, 0), (0, 13, 0), (0, 14, 0), (0, 15, 0), (0, 16, 0), (0, 17, 0), (0, 18, 0), (0, 19, 0), (0, 20, 0), (0, 21, 0), (0, 22, 0), (0, 23, 0), (0, 24, 0), (0, 25, 0), (0, 26, 0), (0, 27, 0), (0, 28, 0), (0, 29, 0), (0, 30, 0), (0, 31, 0), (0, 32, 0), (0, 33, 0), (0, 34, 0), (0, 35, 0), (0, 36, 0), (0, 37, 0), (0, 38, 0), (0, 39, 0), (0, 40, 0), (0, 41, 0), (1, 42, 0), (1, 43, 1), (2, 44, 1), (2, 45, 2), (3, 46, 2), (3, 47, 3), (3, 48, 3), (4, 49, 3), (2, 50, 4), (2, 51, 2), (2, 52, 2), (2, 53, 2), (2, 54, 2), (2, 55, 2), (2, 56, 2), (2, 57, 2), (2, 58, 2), (2, 59, 2), (2, 60, 2), (2, 61, 2), (2, 62, 2), (2, 63, 2), (1, 64, 2), (1, 65, 1), (2, 66, 1), (2, 67, 2), (2, 68, 2), (1, 69, 2), (1, 70, 1), (1, 71, 1), (1, 72, 1), (1, 73, 1), (1, 74, 1), (1, 75, 1), (2, 76, 1), (1, 77, 2), (1, 78, 1), (1, 79, 1), (1, 80, 1), (3, 81, 1), (4, 82, 3), (4, 83, 4), (3, 84, 4), (3, 85, 3), (3, 86, 3), (3, 87, 3), (3, 88, 3), (3, 89, 3), (3, 90, 3), (5, 91, 3), (4, 92, 5), (4, 93, 4), (4, 94, 4), (4, 95, 4), (4, 96, 4), (5, 97, 4), (4, 98, 5), (4, 99, 4), (4, 100, 4), (0, 101, 4), (0, 102, 0), (0, 103, 0), (0, 104, 0), (1, 105, 0), (3, 106, 1), (2, 107, 3), (5, 108, 2), (7, 109, 5), (8, 110, 7), (8, 111, 8), (7, 114, 8), (6, 115, 7), (8, 116, 6), (8, 117, 8), (5, 118, 8), (6, 119, 5)]

vit2:
[(0, 0, -1), (0, 1, 0), (0, 2, 0), (0, 3, 0), (0, 4, 0), (0, 5, 0), (0, 6, 0), (1, 7, 0), (1, 8, 1), (1, 9, 1), (1, 10, 1), (1, 11, 1), (1, 12, 1), (1, 13, 1), (1, 14, 1), (1, 15, 1), (1, 16, 1), (1, 17, 1), (1, 18, 1), (2, 19, 1), (2, 20, 2), (1, 21, 2), (1, 22, 1)]
[(1, 0, -1), (1, 1, 1), (1, 2, 1), (1, 3, 1), (1, 4, 1), (1, 5, 1), (1, 6, 1), (0, 7, 1), (0, 8, 0), (0, 9, 0), (0, 10, 0), (0, 11, 0), (0, 12, 0), (0, 13, 0), (0, 14, 0), (0, 15, 0), (0, 16, 0), (0, 17, 0), (0, 18, 0), (0, 19, 0), (0, 20, 0), (0, 21, 0), (0, 22, 0)]
cause and solution: [s6]


S15
GT: [(1, 0, -1), (1, 1, 1), (1, 2, 1), (0, 3, 1), (0, 4, 0), (0, 5, 0), (0, 6, 0), (0, 7, 0), (0, 8, 0), (0, 9, 0), (0, 10, 0), (0, 11, 0), (0, 12, 0), (1, 13, 0), (1, 14, 1), (1, 15, 1), (1, 16, 1), (1, 17, 1), (1, 18, 1), (0, 19, 1), (1, 20, 0), (1, 21, 1), (1, 22, 1), (1, 23, 1), (1, 24, 1), (1, 25, 1), (1, 26, 1), (1, 27, 1), (1, 28, 1), (0, 29, 1), (0, 30, 0), (0, 31, 0), (0, 32, 0), (0, 33, 0), (0, 34, 0), (0, 35, 0), (0, 36, 0), (1, 37, 0), (1, 38, 1), (1, 39, 1), (1, 40, 1), (0, 41, 1), (1, 42, 0), (1, 43, 1), (1, 44, 1), (1, 45, 1), (3, 46, 1), (2, 47, 3), (3, 48, 2), (3, 49, 3), (2, 50, 3), (2, 51, 2), (2, 52, 2), (2, 53, 2), (2, 54, 2), (2, 55, 2), (2, 56, 2), (2, 57, 2), (1, 58, 2), (1, 59, 1), (4, 60, 1), (3, 61, 4), (2, 62, 3), (2, 63, 2), (3, 64, 2), (3, 65, 3), (5, 66, 3), (5, 67, 5), (4, 68, 5), (5, 69, 4), (4, 70, 5), (3, 71, 4), (4, 72, 3), (5, 73, 4), (3, 74, 5), (6, 75, 3), (4, 76, 6), (4, 77, 4), (7, 78, 4), (7, 79, 7), (7, 80, 7), (6, 81, 7), (8, 82, 6), (8, 83, 8), (7, 84, 8), (9, 85, 7), (11, 89, 9), (10, 90, 11), (8, 91, 10), (9, 92, 8), (7, 93, 9), (8, 94, 7), (9, 95, 8), (10, 96, 9), (6, 97, 10), (11, 98, 6), (10, 99, 11), (9, 100, 10), (9, 101, 9), (9, 102, 9), (8, 103, 9), (8, 104, 8), (5, 105, 8), (6, 106, 5), (6, 107, 6), (6, 108, 6), (3, 109, 6), (2, 110, 3), (0, 111, 2), (1, 112, 0), (1, 113, 1), (1, 114, 1), (1, 115, 1), (1, 116, 1), (1, 117, 1), (1, 118, 1), (2, 119, 1)]
vit2: [(1, 0, -1), (1, 1, 1), (1, 2, 1), (0, 3, 1), (0, 4, 0), (0, 5, 0), (1, 6, 0), (1, 7, 1), (1, 8, 1), (2, 9, 1), (2, 10, 2), (1, 11, 2), (1, 12, 1), (2, 13, 1), (2, 14, 2), (1, 15, 2), (1, 16, 1), (1, 17, 1), (1, 18, 1), (1, 19, 1), (1, 20, 1), (1, 21, 1), (1, 22, 1), (1, 23, 1), (1, 24, 1), (1, 25, 1), (1, 26, 1), (1, 27, 1), (1, 28, 1), (0, 29, 1), (0, 30, 0), (0, 31, 0), (0, 32, 0), (0, 33, 0), (0, 34, 0), (0, 35, 0), (0, 36, 0)]
cause and sol: [s2]

GT:[(2, 0, -1), (2, 1, 2), (2, 2, 2), (3, 3, 2), (2, 4, 3), (1, 5, 2), (2, 6, 1), (3, 7, 2), (2, 8, 3), (1, 9, 2), (1, 10, 1), (0, 11, 1), (0, 12, 0), (1, 13, 0), (1, 14, 1), (1, 15, 1), (1, 16, 1), (1, 17, 1), (1, 18, 1), (0, 19, 1), (0, 20, 0), (0, 21, 0), (0, 22, 0), (0, 23, 0), (0, 24, 0), (0, 25, 0), (0, 26, 0), (0, 27, 0), (0, 28, 0), (0, 29, 0), (0, 30, 0), (0, 31, 0), (0, 32, 0), (0, 33, 0), (0, 34, 0), (0, 35, 0), (0, 36, 0), (1, 37, 0), (1, 38, 1), (2, 39, 1), (1, 40, 2), (0, 41, 1), (1, 42, 0), (1, 43, 1), (1, 44, 1), (1, 45, 1), (3, 46, 1), (2, 47, 3), (3, 48, 2), (3, 49, 3), (2, 50, 3), (2, 51, 2), (2, 52, 2), (2, 53, 2), (2, 54, 2), (2, 55, 2), (2, 56, 2), (2, 57, 2), (1, 58, 2), (1, 59, 1), (3, 60, 1), (1, 61, 3), (1, 62, 1), (1, 63, 1), (2, 64, 1), (1, 65, 2), (2, 66, 1), (2, 67, 2), (2, 68, 2), (3, 69, 2), (2, 70, 3), (1, 71, 2), (2, 72, 1), (3, 73, 2), (2, 74, 3), (5, 75, 2), (2, 77, 5), (5, 78, 2), (5, 79, 5), (5, 80, 5), (4, 81, 5), (4, 82, 4), (5, 83, 4), (4, 84, 5), (6, 85, 4), (4, 86, 6), (5, 87, 4), (8, 89, 5), (6, 90, 8), (5, 91, 6), (6, 92, 5), (5, 93, 6), (7, 94, 5), (6, 95, 7), (7, 96, 6), (3, 97, 7), (5, 98, 3), (2, 99, 5), (4, 100, 2), (0, 101, 4), (0, 102, 0), (0, 103, 0), (1, 104, 0), (2, 105, 1), (3, 106, 2), (3, 107, 3), (3, 108, 3), (2, 109, 3), (4, 110, 2), (3, 111, 4), (3, 112, 3), (3, 113, 3), (3, 114, 3), (3, 115, 3), (5, 116, 3), (4, 117, 5), (5, 118, 4), (10, 119, 5)]
vit2: [(2, 0, -1), (2, 1, 2), (2, 2, 2), (3, 3, 2), (2, 4, 3), (1, 5, 2), (2, 6, 1), (3, 7, 2), (2, 8, 3)]
cause and sol: [s6]


GT: [(3, 0, -1), (1, 1, 3), (1, 2, 1), (2, 3, 1), (1, 4, 2), (2, 5, 1), (3, 6, 2), (2, 7, 3), (3, 8, 2), (3, 9, 3), (3, 10, 3), (2, 11, 3), (1, 12, 2), (2, 13, 1), (3, 14, 2), (2, 15, 3), (2, 16, 2), (2, 17, 2), (2, 18, 2), (2, 19, 2), (2, 20, 2), (2, 21, 2), (2, 22, 2), (1, 23, 2), (1, 24, 1), (1, 25, 1), (1, 26, 1), (2, 27, 1), (2, 28, 2), (1, 29, 2), (1, 30, 1), (1, 31, 1), (0, 32, 1), (0, 33, 0), (0, 34, 0), (1, 35, 0), (1, 36, 1), (1, 37, 1), (1, 38, 1), (2, 39, 1), (1, 40, 2), (0, 41, 1), (0, 42, 0), (0, 43, 0), (0, 44, 0), (2, 45, 0), (2, 46, 2), (2, 47, 2), (3, 48, 2), (4, 49, 3), (4, 50, 4), (3, 51, 4), (3, 52, 3), (2, 53, 3), (2, 54, 2), (2, 55, 2), (2, 56, 2), (2, 57, 2), (1, 58, 2), (2, 59, 1), (2, 60, 2), (4, 61, 2), (4, 62, 4), (5, 63, 4), (6, 64, 5), (5, 65, 6), (6, 66, 5), (6, 67, 6), (5, 68, 6), (6, 70, 5), (7, 73, 6), (8, 74, 7), (12, 75, 8), (9, 76, 12), (10, 77, 9), (10, 78, 10), (10, 79, 10), (9, 80, 10), (7, 81, 9), (7, 82, 7), (6, 83, 7), (5, 84, 6), (5, 85, 5), (2, 86, 5), (3, 87, 2), (2, 88, 3), (2, 89, 2), (1, 90, 2), (1, 91, 1), (1, 92, 1), (1, 93, 1), (1, 94, 1), (1, 95, 1), (2, 96, 1), (1, 97, 2), (2, 98, 1), (1, 99, 2), (3, 100, 1), (2, 101, 3), (0, 102, 2), (0, 103, 0), (1, 104, 0), (1, 105, 1), (1, 106, 1), (1, 107, 1), (1, 108, 1), (1, 109, 1), (1, 110, 1), (0, 111, 1), (1, 112, 0), (1, 113, 1), (1, 114, 1), (1, 115, 1), (1, 116, 1), (1, 117, 1), (1, 118, 1), (2, 119, 1)]
vit2: not exist
cause: merged with (1, 0, -1) in frame_idx 1
solution: [s5]

S15
GT: [(12, 0, -1), (13, 1, 12), (12, 2, 13), (12, 3, 12), (12, 4, 12), (11, 5, 12), (10, 6, 11), (9, 7, 10), (7, 8, 9), (7, 9, 7), (9, 10, 7), (8, 11, 9), (9, 12, 8), (9, 13, 9), (11, 14, 9), (11, 15, 11), (12, 16, 11), (12, 17, 12), (13, 19, 12), (13, 20, 13), (12, 21, 13), (16, 22, 12), (17, 23, 16), (18, 24, 17), (19, 25, 18), (17, 26, 19), (17, 27, 17), (17, 28, 17), (21, 29, 17), (21, 30, 21), (22, 31, 21), (21, 32, 22), (22, 33, 21), (21, 34, 22), (19, 35, 21), (18, 36, 19), (18, 37, 18), (20, 38, 18), (19, 39, 20), (21, 40, 19), (18, 41, 21), (18, 42, 18), (20, 43, 18), (17, 44, 20), (21, 45, 17), (22, 46, 21), (19, 47, 22), (18, 48, 19), (16, 49, 18), (16, 51, 16), (17, 52, 16), (14, 53, 17), (18, 54, 14), (16, 55, 18), (17, 56, 16), (14, 57, 17), (13, 58, 14), (13, 59, 13), (12, 60, 13), (10, 61, 12), (10, 62, 10), (10, 63, 10), (10, 64, 10), (11, 65, 10), (10, 66, 11), (11, 67, 10), (11, 68, 11), (12, 69, 11), (8, 70, 12), (9, 71, 8), (11, 72, 9), (13, 73, 11), (15, 74, 13), (19, 75, 15), (22, 76, 19), (22, 77, 22), (15, 78, 22), (14, 79, 15), (15, 80, 14), (18, 81, 15), (20, 82, 18), (16, 83, 20), (14, 84, 16), (17, 85, 14), (16, 86, 17), (18, 87, 16), (18, 88, 18), (17, 90, 18), (15, 91, 17), (14, 92, 15), (14, 93, 14), (15, 94, 14), (11, 95, 15), (15, 96, 11), (17, 97, 15), (16, 98, 17), (14, 99, 16), (14, 100, 14), (16, 101, 14), (15, 102, 16), (12, 103, 15), (15, 104, 12), (13, 105, 15), (15, 106, 13), (16, 107, 15), (16, 108, 16), (14, 109, 16), (14, 110, 14), (15, 111, 14), (14, 112, 15), (18, 113, 14), (24, 114, 18), (24, 116, 24), (24, 117, 24), (22, 118, 24), (25, 119, 22)]
vit2: [(12, 0, -1), (13, 1, 12), (12, 2, 13), (12, 3, 12), (12, 4, 12), (11, 5, 12), (10, 6, 11), (9, 7, 10), (7, 8, 9), (7, 9, 7), (9, 10, 7), (8, 11, 9), (9, 12, 8), (9, 13, 9), (11, 14, 9), (11, 15, 11), (12, 16, 11), (12, 17, 12), (13, 18, 12), (13, 19, 13), (13, 20, 13), (12, 21, 13), (16, 22, 12), (17, 23, 16)]
problem: stopped at (17, 23, 16)
cause: at least 3 cells merges in frame_idx 24.
solution[s7]: can try to use [s1] to see if it can solve this
remarks: signiture sample for 2+ cells merge together

GT: [(14, 0, -1), (15, 1, 14), (15, 2, 15), (15, 3, 15), (15, 4, 15), (14, 5, 15), (14, 6, 14), (12, 7, 14), (11, 8, 12), (11, 9, 11), (12, 10, 11), (11, 11, 12), (12, 12, 11), (12, 13, 12), (13, 14, 12), (12, 15, 13), (11, 16, 12), (10, 17, 11), (10, 18, 10), (9, 19, 10), (9, 20, 9), (9, 21, 9), (9, 22, 9), (10, 23, 9), (10, 24, 10), (10, 25, 10), (8, 26, 10), (9, 27, 8), (10, 28, 9), (14, 29, 10), (14, 30, 14), (13, 31, 14), (14, 32, 13), (16, 33, 14), (14, 34, 16), (13, 35, 14), (10, 36, 13), (12, 37, 10), (12, 38, 12), (12, 39, 12), (15, 40, 12), (17, 41, 15), (17, 42, 17), (19, 43, 17), (16, 44, 19), (22, 45, 16), (23, 46, 22), (20, 47, 23), (19, 48, 20), (21, 49, 19), (22, 50, 21), (21, 51, 22), (18, 52, 21), (19, 53, 18), (23, 54, 19), (22, 55, 23), (23, 56, 22), (22, 57, 23), (21, 58, 22), (16, 59, 21), (16, 60, 16), (13, 61, 16), (15, 62, 13), (18, 63, 15), (20, 64, 18), (20, 65, 20), (19, 66, 20), (20, 67, 19), (22, 68, 20), (21, 69, 22), (19, 70, 21), (19, 71, 19), (19, 72, 19), (18, 73, 19), (17, 74, 18), (20, 75, 17), (23, 76, 20), (24, 77, 23), (22, 78, 24), (24, 79, 22), (24, 80, 24), (25, 81, 24), (25, 82, 25), (22, 83, 25), (17, 84, 22), (15, 85, 17), (14, 86, 15), (15, 87, 14), (15, 88, 15), (13, 89, 15), (12, 90, 13), (11, 91, 12), (11, 92, 11), (11, 93, 11), (11, 94, 11), (11, 95, 11), (11, 96, 11), (13, 97, 11), (12, 98, 13), (11, 99, 12), (12, 100, 11), (12, 101, 12), (10, 102, 12), (10, 103, 10), (13, 104, 10), (11, 105, 13), (11, 106, 11), (13, 107, 11), (13, 108, 13), (12, 109, 13), (11, 110, 12), (11, 111, 11), (10, 112, 11), (11, 113, 10), (11, 114, 11), (12, 115, 11), (11, 116, 12), (14, 117, 11), (13, 118, 14), (13, 119, 13)]
vit2: [(14, 0, -1), (15, 1, 14), (15, 2, 15), (15, 3, 15), (15, 4, 15), (14, 5, 15), (14, 6, 14), (12, 7, 14), (11, 8, 12), (11, 9, 11), (12, 10, 11), (11, 11, 12), (12, 12, 11), (12, 13, 12), (13, 14, 12), (12, 15, 13), (11, 16, 12), (10, 17, 11), (10, 18, 10), (9, 19, 10), (9, 20, 9), (9, 21, 9), (9, 22, 9), (10, 23, 9), (10, 24, 10), (10, 25, 10), (8, 26, 10)]
[s1]

GT: [(15, 0, -1), (16, 1, 15), (17, 2, 16), (16, 3, 17), (18, 4, 16), (18, 5, 18), (18, 6, 18), (17, 7, 18), (16, 8, 17), (15, 9, 16), (18, 10, 15), (16, 11, 18), (16, 12, 16), (16, 13, 16), (18, 14, 16), (17, 16, 18), (17, 17, 17), (19, 18, 17), (18, 19, 19), (19, 20, 18), (18, 21, 19), (19, 22, 18), (18, 23, 19), (17, 24, 18), (14, 26, 17), (14, 27, 14), (14, 28, 14), (16, 29, 14), (15, 30, 16), (14, 31, 15), (15, 32, 14), (17, 33, 15), (16, 34, 17), (14, 35, 16), (12, 36, 14), (13, 37, 12), (14, 38, 13), (14, 39, 14), (16, 40, 14), (15, 41, 16), (14, 42, 15), (14, 43, 14), (10, 44, 14), (12, 45, 10), (13, 46, 12), (12, 47, 13), (12, 48, 12), (14, 49, 12), (16, 50, 14), (15, 51, 16), (14, 52, 15), (13, 53, 14), (17, 54, 13), (13, 55, 17), (15, 56, 13), (12, 57, 15), (11, 58, 12), (10, 59, 11), (10, 60, 10), (9, 61, 10), (9, 62, 9), (9, 64, 9), (12, 65, 9), (9, 66, 12), (10, 67, 9), (9, 68, 10), (11, 70, 9), (11, 71, 11), (13, 72, 11), (11, 73, 13), (10, 74, 11), (12, 75, 10), (14, 76, 12), (14, 77, 14), (14, 78, 14), (12, 79, 14), (14, 80, 12), (15, 81, 14), (21, 82, 15), (17, 83, 21), (19, 85, 17), (22, 86, 19), (23, 87, 22), (22, 88, 23), (24, 89, 22), (22, 90, 24), (20, 91, 22), (19, 92, 20), (18, 93, 19), (19, 94, 18), (20, 95, 19), (23, 96, 20), (23, 97, 23), (22, 98, 23), (19, 99, 22), (21, 100, 19), (21, 101, 21), (21, 102, 21), (21, 103, 21), (23, 105, 21), (25, 106, 23), (27, 107, 25), (24, 108, 27), (21, 109, 24), (20, 110, 21), (19, 111, 20), (18, 112, 19), (19, 113, 18), (20, 114, 19), (19, 115, 20), (16, 116, 19), (17, 117, 16), (18, 118, 17), (19, 119, 18)]
vit2: not exist
cause and sol: [s7]

GT: [(20, 0, -1), (21, 1, 20), (20, 2, 21), (20, 3, 20), (21, 4, 20), (21, 5, 21), (21, 6, 21), (19, 7, 21), (18, 8, 19), (17, 9, 18), (20, 10, 17), (18, 11, 20), (20, 12, 18), (20, 13, 20), (22, 14, 20), (20, 15, 22), (18, 16, 20), (19, 17, 18), (21, 18, 19), (21, 19, 21), (20, 20, 21), (19, 21, 20), (23, 22, 19), (22, 23, 23), (18, 24, 22), (19, 25, 18), (17, 26, 19), (17, 27, 17), (17, 28, 17), (18, 29, 17), (18, 30, 18), (17, 31, 18), (18, 32, 17), (19, 33, 18), (18, 34, 19), (16, 35, 18), (10, 36, 16), (12, 37, 10), (16, 38, 12), (16, 39, 16), (18, 40, 16), (17, 41, 18), (17, 42, 17), (18, 43, 17), (15, 44, 18), (18, 45, 15), (20, 46, 18), (18, 47, 20), (17, 48, 18), (18, 49, 17), (19, 50, 18), (18, 51, 19), (16, 52, 18), (16, 53, 16), (18, 54, 16), (16, 55, 18), (21, 56, 16), (20, 57, 21), (18, 58, 20), (19, 59, 18), (18, 60, 19), (18, 61, 18), (16, 62, 18), (16, 63, 16), (17, 64, 16), (17, 65, 17), (16, 66, 17), (17, 67, 16), (18, 68, 17), (19, 69, 18), (18, 70, 19), (17, 71, 18), (17, 72, 17), (16, 73, 17), (14, 74, 16), (18, 75, 14), (21, 76, 18), (22, 77, 21), (23, 78, 22), (23, 79, 23), (23, 80, 23), (23, 81, 23), (21, 82, 23), (23, 83, 21), (20, 84, 23), (19, 85, 20), (22, 86, 19), (22, 87, 22), (19, 88, 22), (20, 89, 19), (19, 90, 20), (16, 92, 19), (16, 93, 16), (17, 94, 16), (18, 95, 17), (20, 96, 18), (20, 97, 20), (19, 98, 20), (17, 99, 19), (20, 101, 17), (20, 102, 20), (19, 103, 20), (21, 104, 19), (20, 105, 21), (25, 107, 20), (22, 108, 25), (21, 109, 22), (21, 110, 21), (20, 111, 21), (19, 112, 20), (22, 113, 19), (26, 114, 22), (25, 115, 26), (26, 116, 25), (27, 117, 26), (26, 118, 27), (28, 119, 26)]
vit2: [(20, 0, -1), (21, 1, 20), (20, 2, 21), (20, 3, 20), (21, 4, 20), (21, 5, 21), (21, 6, 21), (19, 7, 21), (18, 8, 19), (17, 9, 18), (20, 10, 17), (18, 11, 20), (20, 12, 18), (20, 13, 20), (22, 14, 20), (20, 15, 22), (18, 16, 20), (19, 17, 18), (21, 18, 19), (21, 19, 21), (20, 20, 21), (19, 21, 20), (23, 22, 19), (22, 23, 23), (18, 24, 22), (19, 25, 18), (17, 26, 19), (17, 27, 17), (17, 28, 17), (18, 29, 17), (18, 30, 18), (17, 31, 18), (18, 32, 17), (19, 33, 18), (18, 34, 19), (16, 35, 18)]
cause and sol: [s1]

GT: [(21, 0, -1), (22, 1, 21), (21, 2, 22), (21, 3, 21), (22, 4, 21), (22, 5, 22), (22, 6, 22), (20, 7, 22), (19, 8, 20), (18, 9, 19), (21, 10, 18), (19, 11, 21), (21, 12, 19), (21, 13, 21), (21, 14, 21), (18, 15, 21), (18, 16, 18), (19, 17, 18), (21, 18, 19), (19, 19, 21), (18, 20, 19), (15, 21, 18), (18, 22, 15), (21, 23, 18), (18, 24, 21), (19, 25, 18), (17, 26, 19), (17, 27, 17), (17, 28, 17), (21, 29, 17), (21, 30, 21), (22, 31, 21), (21, 32, 22), (22, 33, 21), (21, 34, 22), (19, 35, 21), (18, 36, 19), (18, 37, 18), (20, 38, 18), (19, 39, 20), (21, 40, 19), (18, 41, 21), (18, 42, 18), (20, 43, 18), (17, 44, 20), (21, 45, 17), (22, 46, 21), (19, 47, 22), (18, 48, 19), (16, 49, 18), (17, 50, 16), (16, 51, 17), (17, 52, 16), (14, 53, 17), (18, 54, 14), (16, 55, 18), (17, 56, 16), (14, 57, 17), (13, 58, 14), (13, 59, 13), (12, 60, 13), (10, 61, 12), (10, 62, 10), (10, 63, 10), (10, 64, 10), (11, 65, 10), (10, 66, 11), (11, 67, 10), (11, 68, 11), (12, 69, 11), (8, 70, 12), (9, 71, 8), (11, 72, 9), (13, 73, 11), (15, 74, 13), (19, 75, 15), (22, 76, 19), (22, 77, 22), (15, 78, 22), (14, 79, 15), (15, 80, 14), (18, 81, 15), (20, 82, 18), (16, 83, 20), (14, 84, 16), (17, 85, 14), (16, 86, 17), (18, 87, 16), (18, 88, 18), (19, 89, 18), (17, 90, 19), (15, 91, 17), (14, 92, 15), (14, 93, 14), (15, 94, 14), (11, 95, 15), (15, 96, 11), (17, 97, 15), (16, 98, 17), (14, 99, 16), (14, 100, 14), (16, 101, 14), (15, 102, 16), (12, 103, 15), (15, 104, 12), (13, 105, 15), (15, 106, 13), (16, 107, 15), (16, 108, 16), (14, 109, 16), (14, 110, 14), (15, 111, 14), (14, 112, 15), (18, 113, 14), (24, 114, 18), (25, 115, 24), (24, 116, 25), (24, 117, 24), (22, 118, 24), (25, 119, 22)]
vit2: [(21, 0, -1), (22, 1, 21), (21, 2, 22), (21, 3, 21), (22, 4, 21), (22, 5, 22), (22, 6, 22), (20, 7, 22), (19, 8, 20), (18, 9, 19), (21, 10, 18), (19, 11, 21), (21, 12, 19), (21, 13, 21), (21, 14, 21), (18, 15, 21)]
cause and sol: [s1]


s17
GT: [(2, 0, -1), (2, 1, 2), (2, 2, 2), (2, 3, 2), (2, 4, 2), (2, 5, 2), (1, 6, 2), (3, 7, 1), (4, 8, 3), (5, 9, 4), (3, 10, 5), (3, 11, 3), (4, 12, 3), (3, 13, 4), (5, 14, 3), (3, 15, 5), (5, 16, 3), (5, 17, 5), (4, 18, 5), (5, 19, 4), (5, 20, 5), (4, 21, 5), (6, 22, 4), (3, 23, 6), (4, 24, 3), (5, 25, 4), (4, 26, 5), (4, 27, 4), (6, 28, 4), (5, 31, 6), (5, 32, 5), (6, 36, 5), (6, 37, 6), (6, 38, 6), (6, 39, 6), (5, 40, 6), (4, 41, 5), (5, 42, 4), (7, 43, 5), (6, 44, 7), (8, 45, 6), (6, 46, 8), (6, 47, 6), (6, 48, 6), (7, 49, 6), (5, 50, 7), (6, 51, 5), (6, 52, 6), (6, 53, 6), (6, 54, 6), (6, 55, 6), (6, 56, 6), (6, 57, 6), (6, 58, 6), (6, 59, 6), (5, 60, 6), (5, 61, 5), (6, 62, 5), (6, 63, 6), (6, 64, 6), (6, 65, 6), (6, 66, 6), (7, 67, 6), (6, 68, 7), (7, 69, 6), (8, 70, 7), (7, 71, 8), (8, 72, 7), (8, 74, 8), (8, 76, 8), (10, 77, 8), (10, 78, 10), (11, 79, 10), (9, 80, 11), (8, 81, 9), (12, 82, 8), (10, 83, 12), (11, 84, 10), (13, 85, 11), (11, 86, 13), (11, 87, 11), (10, 88, 11), (13, 89, 10), (14, 90, 13), (15, 91, 14), (14, 92, 15), (15, 93, 14), (15, 94, 15), (13, 95, 15), (12, 96, 13), (15, 97, 12), (14, 98, 15), (14, 99, 14), (13, 100, 14), (13, 101, 13), (13, 102, 13), (13, 103, 13), (14, 104, 13), (16, 105, 14), (14, 106, 16), (13, 107, 14), (13, 108, 13), (14, 109, 13), (14, 110, 14), (14, 111, 14), (13, 112, 14), (15, 113, 13), (14, 114, 15), (13, 115, 14), (15, 116, 13), (13, 117, 15), (15, 118, 13), (13, 119, 15)]
vit2: [(2, 0, -1), (2, 1, 2), (2, 2, 2), (2, 3, 2), (2, 4, 2), (2, 5, 2), (1, 6, 2), (3, 7, 1), (4, 8, 3), (5, 9, 4), (3, 10, 5), (3, 11, 3), (4, 12, 3), (3, 13, 4)]
cause and sol: [s2]

GT: [(5, 0, -1), (6, 1, 5), (6, 2, 6), (6, 3, 6), (7, 4, 6), (6, 5, 7), (4, 6, 6), (6, 7, 4), (8, 8, 6), (8, 9, 8), (5, 10, 8), (8, 11, 5), (7, 12, 8), (6, 13, 7), (9, 14, 6), (7, 15, 9), (9, 16, 7), (9, 17, 9), (8, 18, 9), (9, 19, 8), (9, 20, 9), (9, 21, 9), (9, 22, 9), (6, 23, 9), (6, 24, 6), (8, 25, 6), (6, 26, 8), (6, 27, 6), (8, 28, 6), (6, 29, 8), (6, 30, 6), (6, 31, 6), (6, 32, 6), (7, 33, 6), (7, 34, 7), (7, 35, 7), (8, 36, 7), (8, 37, 8), (8, 38, 8), (8, 39, 8), (7, 40, 8), (5, 41, 7), (6, 42, 5), (8, 43, 6), (7, 44, 8), (7, 46, 7), (7, 48, 7), (8, 49, 7), (7, 50, 8), (8, 51, 7), (8, 56, 8), (8, 57, 8), (8, 58, 8), (8, 63, 8), (8, 64, 8), (8, 67, 8), (7, 68, 8), (8, 69, 7), (9, 70, 8), (8, 71, 9), (7, 72, 8), (7, 73, 7), (7, 74, 7), (9, 77, 7), (9, 78, 9), (9, 79, 9), (8, 80, 9), (9, 84, 8), (10, 85, 9), (9, 86, 10), (9, 87, 9), (8, 88, 9), (9, 89, 8), (10, 90, 9), (10, 91, 10), (10, 93, 10), (12, 94, 10), (10, 95, 12), (9, 96, 10), (11, 97, 9), (10, 98, 11), (10, 99, 10), (10, 100, 10), (12, 105, 10), (11, 106, 12), (10, 107, 11), (10, 108, 10), (13, 110, 10), (13, 111, 13), (11, 112, 13), (13, 113, 11), (12, 115, 13), (14, 116, 12), (12, 117, 14), (14, 118, 12), (11, 119, 14)]
vit2: [(5, 0, -1), (6, 1, 5), (6, 2, 6), (6, 3, 6), (7, 4, 6), (6, 5, 7), (4, 6, 6), (6, 7, 4), (8, 8, 6), (8, 9, 8), (5, 10, 8), (8, 11, 5), (7, 12, 8), (6, 13, 7), (9, 14, 6), (7, 15, 9), (9, 16, 7), (9, 17, 9), (8, 18, 9), (9, 19, 8), (9, 20, 9), (9, 21, 9), (9, 22, 9), (6, 23, 9), (6, 24, 6), (8, 25, 6), (6, 26, 8), (6, 27, 6), (8, 28, 6), (6, 29, 8), (6, 30, 6), (6, 31, 6), (6, 32, 6), (7, 33, 6), (7, 34, 7), (7, 35, 7), (8, 36, 7), (8, 37, 8), (8, 38, 8), (8, 39, 8), (7, 40, 8), (5, 41, 7), (6, 42, 5), (8, 43, 6), (7, 44, 8), (9, 45, 7)]
problem: did not continue at frame_idx 44,9
cause: cell disappeared at frame_idx 44, 9 and reappeared at frame_idx 45
solution: ?? can merge similar cell?


S18
GT: [(1, 0, -1), (1, 1, 1), (1, 2, 1), (0, 3, 1), (0, 4, 0), (1, 5, 0), (2, 6, 1), (3, 7, 2), (3, 8, 3), (2, 9, 3), (1, 10, 2), (1, 11, 1), (0, 12, 1), (0, 13, 0), (0, 14, 0), (1, 15, 0), (0, 17, 1), (1, 18, 0), (1, 19, 1), (4, 21, 1), (2, 22, 4), (4, 23, 2), (2, 24, 4), (5, 25, 2), (1, 26, 5), (1, 27, 1), (2, 28, 1), (2, 29, 2), (2, 30, 2), (1, 31, 2), (1, 32, 1), (2, 33, 1), (2, 34, 2), (2, 35, 2), (2, 36, 2), (3, 37, 2), (3, 38, 3), (1, 39, 3), (1, 40, 1), (1, 41, 1), (3, 42, 1), (4, 43, 3), (4, 44, 4), (4, 46, 4), (4, 47, 4), (4, 48, 4), (6, 49, 4), (5, 50, 6), (5, 51, 5), (4, 52, 5), (3, 53, 4), (5, 54, 3), (2, 55, 5), (3, 56, 2), (5, 57, 3), (4, 58, 5), (3, 59, 4), (3, 60, 3), (2, 61, 3), (2, 62, 2), (5, 63, 2), (5, 64, 5), (3, 65, 5), (3, 66, 3), (3, 67, 3), (2, 68, 3), (2, 69, 2), (2, 70, 2), (5, 71, 2), (6, 72, 5), (5, 73, 6), (6, 74, 5), (5, 76, 6), (5, 77, 5), (5, 78, 5), (4, 79, 5), (5, 80, 4), (4, 81, 5), (5, 82, 4), (3, 83, 5), (2, 84, 3), (4, 85, 2), (3, 86, 4), (3, 87, 3), (3, 88, 3), (2, 89, 3), (3, 90, 2), (3, 91, 3), (2, 92, 3), (3, 93, 2), (4, 94, 3), (3, 95, 4), (3, 96, 3), (2, 97, 3), (2, 98, 2), (2, 99, 2), (5, 100, 2), (4, 101, 5), (5, 103, 4), (9, 104, 5), (8, 105, 9), (10, 106, 8), (8, 107, 10), (9, 108, 8), (9, 109, 9), (8, 110, 9), (8, 111, 8), (9, 113, 8), (7, 115, 9), (3, 116, 7), (4, 117, 3), (5, 118, 4), (7, 119, 5)]
vit2: [(1, 0, -1), (1, 1, 1), (1, 2, 1), (0, 3, 1), (0, 4, 0), (1, 5, 0), (2, 6, 1), (3, 7, 2), (3, 8, 3), (2, 9, 3), (1, 10, 2), (1, 11, 1), (0, 12, 1), (0, 13, 0), (0, 14, 0), (1, 15, 0), (0, 17, 1), (1, 18, 0), (1, 19, 1), (4, 21, 1), (2, 22, 4), (4, 23, 2), (2, 24, 4), (5, 25, 2), (1, 26, 5), (1, 27, 1), (2, 28, 1), (2, 29, 2), (2, 30, 2), (1, 31, 2), (1, 32, 1), (2, 33, 1), (2, 34, 2), (2, 35, 2), (2, 36, 2), (3, 37, 2), (3, 38, 3), (1, 39, 3), (1, 40, 1), (1, 41, 1), (3, 42, 1), (4, 43, 3), (4, 44, 4), (4, 46, 4), (4, 47, 4), (4, 48, 4), (6, 49, 4), (5, 50, 6), (5, 51, 5), (4, 52, 5), (3, 53, 4), (5, 54, 3), (2, 55, 5), (3, 56, 2), (5, 57, 3), (4, 58, 5), (3, 59, 4), (3, 60, 3), (2, 61, 3), (2, 62, 2), (5, 63, 2), (5, 64, 5), (3, 65, 5), (3, 66, 3), (3, 67, 3), (2, 68, 3), (2, 69, 2), (2, 70, 2), (5, 71, 2), (6, 72, 5), (5, 73, 6), (6, 74, 5), (5, 76, 6), (5, 77, 5), (5, 78, 5), (4, 79, 5), (5, 80, 4), (4, 81, 5), (5, 82, 4)]
problem:
cause: (0, 16, 1), (1, 20, 1), (7, 45, 4), (5, 75, 6) missing in GT
solution:[s3]

cause2 and sol: happened at (3, 83, 5). [s1]


GT: [(2, 0, -1), (2, 1, 2), (2, 2, 2), (1, 3, 2), (1, 4, 1), (0, 5, 1), (0, 6, 0), (2, 7, 0), (0, 9, 2), (0, 10, 0), (3, 11, 0), (2, 12, 3), (1, 13, 2), (1, 14, 1), (0, 15, 1), (3, 16, 0), (1, 17, 3), (0, 18, 1), (0, 19, 0), (0, 20, 0), (0, 21, 0), (0, 22, 0), (3, 23, 0), (3, 24, 3), (3, 25, 3), (2, 26, 3), (2, 27, 2), (3, 28, 2), (4, 29, 3), (3, 30, 4), (3, 31, 3), (4, 32, 3), (6, 33, 4), (4, 34, 6), (5, 35, 4), (3, 36, 5), (4, 37, 3), (6, 38, 4), (2, 39, 6), (2, 40, 2), (2, 41, 2), (4, 42, 2), (5, 43, 4), (5, 44, 5), (6, 45, 5), (5, 46, 6), (5, 47, 5), (5, 48, 5), (4, 49, 5), (4, 50, 4), (4, 51, 4), (3, 52, 4), (2, 53, 3), (4, 54, 2), (1, 55, 4), (2, 56, 1), (3, 57, 2), (7, 58, 3), (5, 59, 7), (5, 60, 5), (5, 61, 5), (5, 62, 5), (4, 63, 5), (4, 64, 4), (4, 65, 4), (4, 66, 4), (4, 67, 4), (3, 68, 4), (3, 69, 3), (4, 70, 3), (4, 71, 4), (7, 72, 4), (6, 73, 7), (5, 74, 6), (6, 75, 5), (4, 76, 6), (6, 77, 4), (6, 78, 6), (6, 79, 6), (6, 80, 6), (7, 81, 6), (7, 83, 7), (5, 84, 7), (5, 85, 5), (4, 86, 5), (5, 87, 4), (5, 88, 5), (5, 89, 5), (5, 90, 5), (4, 91, 5), (4, 92, 4), (4, 93, 4), (3, 94, 4), (3, 95, 3), (3, 96, 3), (3, 97, 3), (3, 98, 3), (3, 99, 3), (6, 100, 3), (5, 101, 6), (4, 102, 5), (7, 104, 4), (5, 105, 7), (6, 106, 5), (6, 107, 6), (7, 108, 6), (7, 109, 7), (5, 110, 7), (5, 111, 5), (5, 112, 5), (5, 113, 5), (3, 114, 5), (3, 115, 3), (3, 116, 3), (4, 117, 3), (5, 118, 4), (6, 119, 5)]
vit2: not exist
cause: (1, 5, 1) merged with 2 other cells
sol: [s1]

GT:   [(3, 0, -1), (3, 1, 3), (4, 2, 3), (3, 3, 4), (3, 4, 3), (3, 5, 3), (3, 6, 3), (4, 7, 3), (4, 8, 4), (3, 9, 4), (3, 10, 3), (5, 11, 3), (6, 12, 5), (7, 13, 6), (4, 14, 7), (4, 15, 4), (4, 16, 4), (3, 17, 4), (3, 18, 3), (3, 19, 3), (4, 20, 3), (5, 21, 4), (3, 22, 5), (1, 23, 3), (1, 24, 1), (1, 25, 1), (5, 26, 1), (4, 27, 5), (1, 28, 4), (1, 29, 1), (1, 30, 1), (0, 31, 1), (0, 32, 0), (0, 33, 0), (0, 34, 0), (0, 35, 0), (0, 36, 0), (1, 37, 0), (0, 38, 1), (0, 39, 0), (0, 40, 0), (0, 41, 0), (0, 42, 0), (0, 43, 0), (0, 44, 0), (0, 45, 0), (1, 46, 0), (1, 48, 1), (0, 49, 1), (0, 50, 0), (0, 51, 0), (0, 52, 0), (0, 53, 0), (0, 54, 0), (0, 55, 0), (1, 56, 0), (1, 57, 1), (1, 58, 1), (1, 59, 1), (2, 60, 1), (1, 61, 2), (1, 62, 1), (1, 63, 1), (2, 64, 1), (2, 65, 2), (2, 66, 2), (2, 67, 2), (1, 68, 2), (1, 69, 1), (1, 70, 1), (2, 71, 1), (4, 72, 2), (2, 73, 4), (2, 74, 2), (2, 75, 2), (3, 76, 2), (4, 77, 3), (4, 78, 4), (5, 79, 4), (7, 80, 5), (8, 81, 7), (9, 82, 8), (8, 83, 9), (8, 84, 8), (10, 85, 8), (8, 86, 10), (7, 87, 8), (7, 88, 7), (6, 89, 7), (6, 90, 6), (7, 91, 6), (7, 92, 7), (9, 93, 7), (8, 94, 9), (7, 95, 8), (6, 96, 7), (7, 97, 6), (6, 98, 7), (6, 99, 6), (4, 100, 6), (2, 101, 4), (0, 102, 2), (2, 103, 0), (4, 104, 2), (4, 105, 4), (4, 106, 4), (3, 107, 4), (1, 108, 3), (2, 109, 1), (0, 110, 2), (0, 111, 0), (0, 112, 0), (0, 113, 0), (0, 114, 0), (1, 115, 0), (0, 116, 1), (0, 117, 0), (1, 118, 0), (1, 119, 1)]
vit2: [(3, 0, -1), (3, 1, 3), (4, 2, 3), (3, 3, 4), (3, 4, 3), (3, 5, 3), (3, 6, 3), (4, 7, 3), (4, 8, 4), (3, 9, 4), (3, 10, 3), (5, 11, 3), (6, 12, 5), (7, 13, 6), (4, 14, 7), (4, 15, 4), (4, 16, 4), (3, 17, 4), (3, 18, 3), (3, 19, 3), (4, 20, 3)]
[s1]


s19
GT: [(0, 0, -1), (0, 1, 0), (0, 2, 0), (0, 3, 0), (0, 4, 0), (0, 5, 0), (0, 6, 0), (0, 7, 0), (0, 8, 0), (0, 9, 0), (0, 10, 0), (0, 11, 0), (0, 12, 0), (0, 13, 0), (1, 14, 0), (1, 15, 1), (1, 16, 1), (3, 18, 1), (4, 19, 3), (4, 20, 4), (4, 21, 4), (5, 22, 4), (4, 23, 5), (4, 24, 4), (5, 25, 4), (5, 26, 5), (4, 27, 5), (5, 29, 4), (4, 30, 5), (4, 31, 4), (3, 32, 4), (3, 33, 3), (3, 34, 3), (3, 35, 3), (1, 36, 3), (2, 37, 1), (2, 38, 2), (2, 39, 2), (2, 40, 2), (2, 41, 2), (2, 42, 2), (2, 43, 2), (1, 45, 2), (2, 46, 1), (2, 47, 2), (1, 48, 2), (0, 49, 1), (0, 50, 0), (0, 51, 0), (1, 52, 0), (0, 53, 1), (0, 54, 0), (2, 55, 0), (0, 56, 2), (0, 57, 0), (1, 58, 0), (1, 59, 1), (1, 60, 1), (1, 61, 1), (2, 62, 1), (1, 63, 2), (1, 64, 1), (0, 65, 1), (0, 66, 0), (0, 67, 0), (0, 68, 0), (0, 69, 0), (0, 70, 0), (0, 71, 0), (0, 72, 0), (1, 73, 0), (1, 74, 1), (1, 75, 1), (0, 76, 1), (0, 77, 0), (1, 78, 0), (1, 79, 1), (2, 80, 1), (1, 81, 2), (1, 82, 1), (1, 83, 1), (1, 84, 1), (0, 85, 1), (1, 86, 0), (0, 87, 1), (1, 88, 0), (1, 89, 1), (0, 90, 1), (0, 91, 0), (0, 92, 0), (0, 93, 0), (0, 94, 0), (1, 95, 0), (0, 96, 1), (2, 97, 0), (2, 98, 2), (1, 99, 2), (0, 100, 1), (1, 101, 0), (0, 102, 1), (0, 103, 0), (0, 104, 0), (1, 105, 0), (2, 106, 1), (2, 107, 2), (2, 108, 2), (2, 109, 2), (2, 110, 2), (2, 111, 2), (3, 112, 2), (3, 113, 3), (3, 114, 3), (4, 115, 3), (4, 116, 4), (4, 117, 4), (4, 118, 4), (5, 119, 4)]
vit2: [(0, 0, -1), (0, 1, 0), (0, 2, 0), (0, 3, 0), (0, 4, 0), (0, 5, 0), (0, 6, 0), (0, 7, 0), (0, 8, 0), (0, 9, 0), (0, 10, 0), (0, 11, 0), (0, 12, 0), (0, 13, 0), (1, 14, 0), (1, 15, 1)]
problem: stopped early
cause: cell shares with 2 low prob connections
sol:
